0.07853981633974483 3.0242957258838365 1.0 0.00022017508923941482
0.23561944901923446 3.0242957258838365 1.0 0.00022017508923941482
0.39269908169872414 3.0242957258838365 1.0 0.00022017508923941482
0.5497787143782138 3.0242957258838365 1.0 0.00022017508923941482
0.7068583470577035 3.0242957258838365 1.0 0.00022017508923941482
0.863937979737193 3.0242957258838365 1.0 0.00022017508923941482
1.0210176124166828 3.0242957258838365 1.0 0.00022017508923941482
1.1780972450961724 3.0242957258838365 1.0 0.00022017508923941482
1.335176877775662 3.0242957258838365 1.0 0.00022017508923941482
1.4922565104551517 3.0242957258838365 1.0 0.00022017508923941482
1.6493361431346414 3.0242957258838365 1.0 0.00022017508923941482
1.806415775814131 3.0242957258838365 1.0 0.00022017508923941482
1.9634954084936207 3.0242957258838365 1.0 0.00022017508923941482
2.1205750411731104 3.0242957258838365 1.0 0.00022017508923941482
2.2776546738526 3.0242957258838365 1.0 0.00022017508923941482
2.4347343065320897 3.0242957258838365 1.0 0.00022017508923941482
2.5918139392115793 3.0242957258838365 1.0 0.00022017508923941482
2.748893571891069 3.0242957258838365 1.0 0.00022017508923941482
2.9059732045705586 3.0242957258838365 1.0 0.00022017508923941482
3.0630528372500483 3.0242957258838365 1.0 0.00022017508923941482
-3.063052837250049 3.0242957258838365 1.0 0.00022017508923941482
-2.905973204570559 3.0242957258838365 1.0 0.00022017508923941482
-2.748893571891069 3.0242957258838365 1.0 0.00022017508923941482
-2.591813939211579 3.0242957258838365 1.0 0.00022017508923941482
-2.43473430653209 3.0242957258838365 1.0 0.00022017508923941482
-2.2776546738526005 3.0242957258838365 1.0 0.00022017508923941482
-2.12057504117311 3.0242957258838365 1.0 0.00022017508923941482
-1.9634954084936205 3.0242957258838365 1.0 0.00022017508923941482
-1.8064157758141317 3.0242957258838365 1.0 0.00022017508923941482
-1.649336143134642 3.0242957258838365 1.0 0.00022017508923941482
-1.4922565104551515 3.0242957258838365 1.0 0.00022017508923941482
-1.3351768777756619 3.0242957258838365 1.0 0.00022017508923941482
-1.178097245096173 3.0242957258838365 1.0 0.00022017508923941482
-1.0210176124166834 3.0242957258838365 1.0 0.00022017508923941482
-0.8639379797371929 3.0242957258838365 1.0 0.00022017508923941482
-0.7068583470577032 3.0242957258838365 1.0 0.00022017508923941482
-0.5497787143782145 3.0242957258838365 1.0 0.00022017508923941482
-0.39269908169872486 3.0242957258838365 1.0 0.00022017508923941482
-0.23561944901923426 3.0242957258838365 1.0 0.00022017508923941482
-0.07853981633974463 3.0242957258838365 1.0 0.00022017508923941482
0.07853981633974483 2.872347365560863 1.0 0.0005075178725048252
0.23561944901923448 2.872347365560863 1.0 0.0005075178725048252
0.3926990816987242 2.872347365560863 1.0 0.0005075178725048252
0.5497787143782138 2.872347365560863 1.0 0.0005075178725048252
0.7068583470577035 2.872347365560863 1.0 0.0005075178725048252
0.863937979737193 2.872347365560863 1.0 0.0005075178725048252
1.0210176124166828 2.872347365560863 1.0 0.0005075178725048252
1.1780972450961724 2.872347365560863 1.0 0.0005075178725048252
1.335176877775662 2.872347365560863 1.0 0.0005075178725048252
1.4922565104551517 2.872347365560863 1.0 0.0005075178725048252
1.6493361431346414 2.872347365560863 1.0 0.0005075178725048252
1.806415775814131 2.872347365560863 1.0 0.0005075178725048252
1.9634954084936207 2.872347365560863 1.0 0.0005075178725048252
2.1205750411731104 2.872347365560863 1.0 0.0005075178725048252
2.2776546738526 2.872347365560863 1.0 0.0005075178725048252
2.4347343065320897 2.872347365560863 1.0 0.0005075178725048252
2.5918139392115793 2.872347365560863 1.0 0.0005075178725048252
2.748893571891069 2.872347365560863 1.0 0.0005075178725048252
2.9059732045705586 2.872347365560863 1.0 0.0005075178725048252
3.0630528372500483 2.872347365560863 1.0 0.0005075178725048252
-3.063052837250049 2.872347365560863 1.0 0.0005075178725048252
-2.905973204570559 2.872347365560863 1.0 0.0005075178725048252
-2.7488935718910694 2.872347365560863 1.0 0.0005075178725048252
-2.5918139392115793 2.872347365560863 1.0 0.0005075178725048252
-2.4347343065320906 2.872347365560863 1.0 0.0005075178725048252
-2.277654673852601 2.872347365560863 1.0 0.0005075178725048252
-2.12057504117311 2.872347365560863 1.0 0.0005075178725048252
-1.9634954084936205 2.872347365560863 1.0 0.0005075178725048252
-1.8064157758141317 2.872347365560863 1.0 0.0005075178725048252
-1.649336143134642 2.872347365560863 1.0 0.0005075178725048252
-1.4922565104551515 2.872347365560863 1.0 0.0005075178725048252
-1.3351768777756619 2.872347365560863 1.0 0.0005075178725048252
-1.178097245096173 2.872347365560863 1.0 0.0005075178725048252
-1.0210176124166834 2.872347365560863 1.0 0.0005075178725048252
-0.8639379797371929 2.872347365560863 1.0 0.0005075178725048252
-0.7068583470577032 2.872347365560863 1.0 0.0005075178725048252
-0.5497787143782145 2.872347365560863 1.0 0.0005075178725048252
-0.3926990816987248 2.872347365560863 1.0 0.0005075178725048252
-0.23561944901923426 2.872347365560863 1.0 0.0005075178725048252
-0.07853981633974463 2.872347365560863 1.0 0.0005075178725048252
0.07853981633974483 2.7195019234786764 1.0 0.0007834006041763642
0.2356194490192345 2.7195019234786764 1.0 0.0007834006041763642
0.39269908169872414 2.7195019234786764 1.0 0.0007834006041763642
0.5497787143782138 2.7195019234786764 1.0 0.0007834006041763642
0.7068583470577035 2.7195019234786764 1.0 0.0007834006041763642
0.863937979737193 2.7195019234786764 1.0 0.0007834006041763642
1.0210176124166828 2.7195019234786764 1.0 0.0007834006041763642
1.1780972450961724 2.7195019234786764 1.0 0.0007834006041763642
1.335176877775662 2.7195019234786764 1.0 0.0007834006041763642
1.4922565104551517 2.7195019234786764 1.0 0.0007834006041763642
1.6493361431346414 2.7195019234786764 1.0 0.0007834006041763642
1.806415775814131 2.7195019234786764 1.0 0.0007834006041763642
1.9634954084936207 2.7195019234786764 1.0 0.0007834006041763642
2.1205750411731104 2.7195019234786764 1.0 0.0007834006041763642
2.2776546738526 2.7195019234786764 1.0 0.0007834006041763642
2.4347343065320897 2.7195019234786764 1.0 0.0007834006041763642
2.5918139392115793 2.7195019234786764 1.0 0.0007834006041763642
2.748893571891069 2.7195019234786764 1.0 0.0007834006041763642
2.9059732045705586 2.7195019234786764 1.0 0.0007834006041763642
3.0630528372500483 2.7195019234786764 1.0 0.0007834006041763642
-3.063052837250049 2.7195019234786764 1.0 0.0007834006041763642
-2.905973204570559 2.7195019234786764 1.0 0.0007834006041763642
-2.7488935718910694 2.7195019234786764 1.0 0.0007834006041763642
-2.5918139392115793 2.7195019234786764 1.0 0.0007834006041763642
-2.4347343065320906 2.7195019234786764 1.0 0.0007834006041763642
-2.277654673852601 2.7195019234786764 1.0 0.0007834006041763642
-2.12057504117311 2.7195019234786764 1.0 0.0007834006041763642
-1.9634954084936205 2.7195019234786764 1.0 0.0007834006041763642
-1.8064157758141317 2.7195019234786764 1.0 0.0007834006041763642
-1.649336143134642 2.7195019234786764 1.0 0.0007834006041763642
-1.4922565104551515 2.7195019234786764 1.0 0.0007834006041763642
-1.3351768777756619 2.7195019234786764 1.0 0.0007834006041763642
-1.178097245096173 2.7195019234786764 1.0 0.0007834006041763642
-1.0210176124166834 2.7195019234786764 1.0 0.0007834006041763642
-0.8639379797371929 2.7195019234786764 1.0 0.0007834006041763642
-0.7068583470577032 2.7195019234786764 1.0 0.0007834006041763642
-0.5497787143782145 2.7195019234786764 1.0 0.0007834006041763642
-0.3926990816987248 2.7195019234786764 1.0 0.0007834006041763642
-0.23561944901923426 2.7195019234786764 1.0 0.0007834006041763642
-0.07853981633974465 2.7195019234786764 1.0 0.0007834006041763642
0.07853981633974484 2.5664541509583647 1.0 0.0010409592697088032
0.23561944901923448 2.5664541509583647 0.9999999999999999 0.0010409592697088032
0.3926990816987242 2.5664541509583647 0.9999999999999999 0.0010409592697088032
0.5497787143782138 2.5664541509583647 0.9999999999999999 0.0010409592697088032
0.7068583470577035 2.5664541509583647 1.0 0.0010409592697088032
0.863937979737193 2.5664541509583647 1.0 0.0010409592697088032
1.0210176124166828 2.5664541509583647 1.0 0.0010409592697088032
1.1780972450961724 2.5664541509583647 1.0 0.0010409592697088032
1.335176877775662 2.5664541509583647 0.9999999999999999 0.0010409592697088032
1.4922565104551517 2.5664541509583647 1.0 0.0010409592697088032
1.6493361431346414 2.5664541509583647 1.0 0.0010409592697088032
1.806415775814131 2.5664541509583647 1.0 0.0010409592697088032
1.9634954084936207 2.5664541509583647 0.9999999999999999 0.0010409592697088032
2.1205750411731104 2.5664541509583647 1.0 0.0010409592697088032
2.2776546738526 2.5664541509583647 1.0 0.0010409592697088032
2.4347343065320897 2.5664541509583647 1.0 0.0010409592697088032
2.5918139392115793 2.5664541509583647 1.0 0.0010409592697088032
2.748893571891069 2.5664541509583647 1.0 0.0010409592697088032
2.9059732045705586 2.5664541509583647 0.9999999999999999 0.0010409592697088032
3.0630528372500483 2.5664541509583647 1.0 0.0010409592697088032
-3.063052837250049 2.5664541509583647 1.0 0.0010409592697088032
-2.905973204570559 2.5664541509583647 1.0 0.0010409592697088032
-2.7488935718910694 2.5664541509583647 1.0 0.0010409592697088032
-2.591813939211579 2.5664541509583647 1.0 0.0010409592697088032
-2.4347343065320906 2.5664541509583647 1.0 0.0010409592697088032
-2.2776546738526005 2.5664541509583647 1.0 0.0010409592697088032
-2.12057504117311 2.5664541509583647 1.0 0.0010409592697088032
-1.9634954084936205 2.5664541509583647 1.0 0.0010409592697088032
-1.8064157758141317 2.5664541509583647 1.0 0.0010409592697088032
-1.649336143134642 2.5664541509583647 1.0 0.0010409592697088032
-1.4922565104551515 2.5664541509583647 1.0 0.0010409592697088032
-1.3351768777756619 2.5664541509583647 0.9999999999999999 0.0010409592697088032
-1.178097245096173 2.5664541509583647 1.0 0.0010409592697088032
-1.0210176124166834 2.5664541509583647 1.0 0.0010409592697088032
-0.8639379797371929 2.5664541509583647 1.0 0.0010409592697088032
-0.7068583470577032 2.5664541509583647 0.9999999999999999 0.0010409592697088032
-0.5497787143782146 2.5664541509583647 1.0 0.0010409592697088032
-0.3926990816987248 2.5664541509583647 1.0 0.0010409592697088032
-0.2356194490192343 2.5664541509583647 1.0 0.0010409592697088032
-0.07853981633974463 2.5664541509583647 1.0 0.0010409592697088032
0.07853981633974483 2.4133300687201857 1.0 0.0012741264977154968
0.2356194490192345 2.4133300687201857 1.0 0.0012741264977154968
0.39269908169872414 2.4133300687201857 1.0 0.0012741264977154968
0.5497787143782138 2.4133300687201857 1.0 0.0012741264977154968
0.7068583470577035 2.4133300687201857 1.0 0.0012741264977154968
0.8639379797371929 2.4133300687201857 1.0 0.0012741264977154968
1.0210176124166828 2.4133300687201857 1.0 0.0012741264977154968
1.1780972450961724 2.4133300687201857 1.0 0.0012741264977154968
1.335176877775662 2.4133300687201857 1.0 0.0012741264977154968
1.4922565104551517 2.4133300687201857 1.0 0.0012741264977154968
1.6493361431346414 2.4133300687201857 1.0 0.0012741264977154968
1.806415775814131 2.4133300687201857 1.0 0.0012741264977154968
1.9634954084936207 2.4133300687201857 1.0 0.0012741264977154968
2.1205750411731104 2.4133300687201857 1.0 0.0012741264977154968
2.2776546738526 2.4133300687201857 1.0 0.0012741264977154968
2.4347343065320897 2.4133300687201857 1.0 0.0012741264977154968
2.5918139392115793 2.4133300687201857 1.0 0.0012741264977154968
2.748893571891069 2.4133300687201857 1.0 0.0012741264977154968
2.9059732045705586 2.4133300687201857 1.0 0.0012741264977154968
3.0630528372500483 2.4133300687201857 1.0 0.0012741264977154968
-3.063052837250049 2.4133300687201857 1.0 0.0012741264977154968
-2.905973204570559 2.4133300687201857 1.0 0.0012741264977154968
-2.7488935718910694 2.4133300687201857 1.0 0.0012741264977154968
-2.5918139392115793 2.4133300687201857 1.0 0.0012741264977154968
-2.43473430653209 2.4133300687201857 1.0 0.0012741264977154968
-2.2776546738526005 2.4133300687201857 1.0 0.0012741264977154968
-2.12057504117311 2.4133300687201857 1.0 0.0012741264977154968
-1.9634954084936205 2.4133300687201857 1.0 0.0012741264977154968
-1.8064157758141317 2.4133300687201857 1.0 0.0012741264977154968
-1.649336143134642 2.4133300687201857 1.0 0.0012741264977154968
-1.4922565104551515 2.4133300687201857 1.0 0.0012741264977154968
-1.3351768777756619 2.4133300687201857 1.0 0.0012741264977154968
-1.178097245096173 2.4133300687201857 1.0 0.0012741264977154968
-1.0210176124166834 2.4133300687201857 1.0 0.0012741264977154968
-0.8639379797371929 2.4133300687201857 1.0 0.0012741264977154968
-0.7068583470577033 2.4133300687201857 1.0 0.0012741264977154968
-0.5497787143782146 2.4133300687201857 1.0 0.0012741264977154968
-0.3926990816987248 2.4133300687201857 1.0 0.0012741264977154968
-0.23561944901923426 2.4133300687201857 1.0 0.0012741264977154968
-0.07853981633974463 2.4133300687201857 1.0 0.0012741264977154968
0.07853981633974483 2.2601695793007797 0.9999999999999999 0.0014774316495189707
0.23561944901923448 2.2601695793007797 0.9999999999999999 0.0014774316495189707
0.3926990816987242 2.2601695793007797 0.9999999999999999 0.0014774316495189707
0.5497787143782138 2.2601695793007797 0.9999999999999999 0.0014774316495189707
0.7068583470577035 2.2601695793007797 0.9999999999999999 0.0014774316495189707
0.8639379797371929 2.2601695793007797 0.9999999999999999 0.0014774316495189707
1.0210176124166828 2.2601695793007797 0.9999999999999999 0.0014774316495189707
1.1780972450961724 2.2601695793007797 0.9999999999999999 0.0014774316495189707
1.335176877775662 2.2601695793007797 0.9999999999999999 0.0014774316495189707
1.4922565104551517 2.2601695793007797 0.9999999999999999 0.0014774316495189707
1.6493361431346414 2.2601695793007797 0.9999999999999999 0.0014774316495189707
1.806415775814131 2.2601695793007797 1.0 0.0014774316495189707
1.9634954084936207 2.2601695793007797 0.9999999999999999 0.0014774316495189707
2.1205750411731104 2.2601695793007797 1.0 0.0014774316495189707
2.2776546738526 2.2601695793007797 0.9999999999999999 0.0014774316495189707
2.4347343065320897 2.2601695793007797 1.0 0.0014774316495189707
2.5918139392115793 2.2601695793007797 0.9999999999999999 0.0014774316495189707
2.748893571891069 2.2601695793007797 0.9999999999999999 0.0014774316495189707
2.9059732045705586 2.2601695793007797 1.0 0.0014774316495189707
3.0630528372500483 2.2601695793007797 0.9999999999999999 0.0014774316495189707
-3.063052837250049 2.2601695793007797 1.0 0.0014774316495189707
-2.905973204570559 2.2601695793007797 1.0 0.0014774316495189707
-2.7488935718910694 2.2601695793007797 1.0 0.0014774316495189707
-2.5918139392115793 2.2601695793007797 1.0 0.0014774316495189707
-2.4347343065320906 2.2601695793007797 1.0 0.0014774316495189707
-2.2776546738526005 2.2601695793007797 1.0 0.0014774316495189707
-2.12057504117311 2.2601695793007797 0.9999999999999999 0.0014774316495189707
-1.9634954084936205 2.2601695793007797 0.9999999999999999 0.0014774316495189707
-1.8064157758141317 2.2601695793007797 0.9999999999999999 0.0014774316495189707
-1.649336143134642 2.2601695793007797 0.9999999999999999 0.0014774316495189707
-1.4922565104551515 2.2601695793007797 0.9999999999999999 0.0014774316495189707
-1.3351768777756619 2.2601695793007797 1.0 0.0014774316495189707
-1.178097245096173 2.2601695793007797 0.9999999999999999 0.0014774316495189707
-1.0210176124166834 2.2601695793007797 0.9999999999999999 0.0014774316495189707
-0.8639379797371928 2.2601695793007797 1.0 0.0014774316495189707
-0.7068583470577032 2.2601695793007797 0.9999999999999999 0.0014774316495189707
-0.5497787143782146 2.2601695793007797 0.9999999999999999 0.0014774316495189707
-0.3926990816987248 2.2601695793007797 1.0 0.0014774316495189707
-0.23561944901923426 2.2601695793007797 1.0 0.0014774316495189707
-0.07853981633974465 2.2601695793007797 0.9999999999999999 0.0014774316495189707
0.07853981633974484 2.1069893559996893 0.9999999999999999 0.0016461079806146988
0.23561944901923446 2.1069893559996893 0.9999999999999999 0.0016461079806146988
0.3926990816987242 2.106989355999689 1.0 0.0016461079806146988
0.5497787143782138 2.1069893559996893 0.9999999999999999 0.0016461079806146988
0.7068583470577036 2.106989355999689 1.0 0.0016461079806146988
0.8639379797371929 2.1069893559996893 0.9999999999999999 0.0016461079806146988
1.0210176124166828 2.1069893559996893 0.9999999999999999 0.0016461079806146988
1.1780972450961724 2.106989355999689 1.0 0.0016461079806146988
1.335176877775662 2.106989355999689 1.0 0.0016461079806146988
1.4922565104551517 2.106989355999689 1.0 0.0016461079806146988
1.6493361431346414 2.1069893559996893 0.9999999999999999 0.0016461079806146988
1.806415775814131 2.1069893559996893 0.9999999999999999 0.0016461079806146988
1.9634954084936207 2.1069893559996893 0.9999999999999999 0.0016461079806146988
2.1205750411731104 2.106989355999689 1.0 0.0016461079806146988
2.2776546738526 2.106989355999689 1.0 0.0016461079806146988
2.4347343065320897 2.106989355999689 1.0 0.0016461079806146988
2.5918139392115793 2.1069893559996893 0.9999999999999999 0.0016461079806146988
2.748893571891069 2.106989355999689 1.0 0.0016461079806146988
2.9059732045705586 2.106989355999689 1.0 0.0016461079806146988
3.0630528372500483 2.106989355999689 1.0 0.0016461079806146988
-3.063052837250049 2.106989355999689 1.0 0.0016461079806146988
-2.905973204570559 2.1069893559996893 0.9999999999999999 0.0016461079806146988
-2.7488935718910694 2.106989355999689 1.0 0.0016461079806146988
-2.5918139392115793 2.106989355999689 1.0 0.0016461079806146988
-2.4347343065320906 2.106989355999689 1.0 0.0016461079806146988
-2.2776546738526005 2.106989355999689 1.0 0.0016461079806146988
-2.12057504117311 2.1069893559996893 0.9999999999999999 0.0016461079806146988
-1.9634954084936205 2.106989355999689 1.0 0.0016461079806146988
-1.8064157758141317 2.106989355999689 1.0 0.0016461079806146988
-1.649336143134642 2.106989355999689 1.0 0.0016461079806146988
-1.4922565104551515 2.106989355999689 1.0 0.0016461079806146988
-1.3351768777756619 2.106989355999689 1.0 0.0016461079806146988
-1.178097245096173 2.1069893559996893 0.9999999999999999 0.0016461079806146988
-1.0210176124166834 2.106989355999689 1.0 0.0016461079806146988
-0.8639379797371929 2.1069893559996893 0.9999999999999999 0.0016461079806146988
-0.7068583470577032 2.1069893559996893 0.9999999999999999 0.0016461079806146988
-0.5497787143782146 2.106989355999689 1.0 0.0016461079806146988
-0.3926990816987248 2.106989355999689 1.0 0.0016461079806146988
-0.2356194490192343 2.1069893559996893 0.9999999999999999 0.0016461079806146988
-0.07853981633974465 2.1069893559996893 0.9999999999999999 0.0016461079806146988
0.07853981633974483 1.9537977269556943 0.9999999999999999 0.0017762013664797645
0.23561944901923448 1.9537977269556943 0.9999999999999999 0.0017762013664797645
0.39269908169872414 1.9537977269556943 1.0 0.0017762013664797645
0.5497787143782138 1.9537977269556943 0.9999999999999999 0.0017762013664797645
0.7068583470577036 1.9537977269556943 0.9999999999999999 0.0017762013664797645
0.8639379797371929 1.9537977269556943 0.9999999999999999 0.0017762013664797645
1.0210176124166828 1.9537977269556943 0.9999999999999999 0.0017762013664797645
1.1780972450961724 1.9537977269556943 1.0 0.0017762013664797645
1.335176877775662 1.9537977269556943 0.9999999999999999 0.0017762013664797645
1.4922565104551517 1.9537977269556943 0.9999999999999999 0.0017762013664797645
1.6493361431346414 1.9537977269556943 0.9999999999999999 0.0017762013664797645
1.806415775814131 1.9537977269556943 1.0 0.0017762013664797645
1.9634954084936207 1.9537977269556943 0.9999999999999999 0.0017762013664797645
2.1205750411731104 1.9537977269556943 1.0 0.0017762013664797645
2.2776546738526 1.9537977269556943 0.9999999999999999 0.0017762013664797645
2.4347343065320897 1.9537977269556943 0.9999999999999999 0.0017762013664797645
2.5918139392115793 1.9537977269556943 0.9999999999999999 0.0017762013664797645
2.748893571891069 1.9537977269556943 1.0 0.0017762013664797645
2.9059732045705586 1.9537977269556943 0.9999999999999999 0.0017762013664797645
3.0630528372500483 1.9537977269556943 0.9999999999999999 0.0017762013664797645
-3.063052837250049 1.9537977269556943 1.0 0.0017762013664797645
-2.905973204570559 1.9537977269556943 1.0 0.0017762013664797645
-2.7488935718910694 1.9537977269556943 1.0 0.0017762013664797645
-2.5918139392115793 1.9537977269556943 1.0 0.0017762013664797645
-2.4347343065320906 1.9537977269556943 0.9999999999999999 0.0017762013664797645
-2.2776546738526005 1.9537977269556943 1.0 0.0017762013664797645
-2.12057504117311 1.9537977269556943 0.9999999999999999 0.0017762013664797645
-1.9634954084936205 1.9537977269556943 0.9999999999999999 0.0017762013664797645
-1.8064157758141317 1.9537977269556943 0.9999999999999999 0.0017762013664797645
-1.649336143134642 1.9537977269556943 0.9999999999999999 0.0017762013664797645
-1.4922565104551515 1.9537977269556943 0.9999999999999999 0.0017762013664797645
-1.3351768777756619 1.9537977269556943 0.9999999999999999 0.0017762013664797645
-1.178097245096173 1.9537977269556943 0.9999999999999999 0.0017762013664797645
-1.0210176124166834 1.9537977269556943 0.9999999999999998 0.0017762013664797645
-0.8639379797371929 1.9537977269556943 0.9999999999999999 0.0017762013664797645
-0.7068583470577032 1.9537977269556943 0.9999999999999998 0.0017762013664797645
-0.5497787143782146 1.9537977269556943 1.0 0.0017762013664797645
-0.3926990816987248 1.9537977269556943 0.9999999999999999 0.0017762013664797645
-0.23561944901923426 1.9537977269556943 1.0 0.0017762013664797645
-0.07853981633974465 1.9537977269556943 0.9999999999999999 0.0017762013664797645
0.07853981633974483 1.8005994749998382 0.9999999999999999 0.0018646623309075366
0.23561944901923448 1.8005994749998382 1.0 0.0018646623309075366
0.39269908169872414 1.8005994749998382 1.0 0.0018646623309075366
0.5497787143782138 1.8005994749998382 0.9999999999999999 0.0018646623309075366
0.7068583470577036 1.8005994749998382 1.0 0.0018646623309075366
0.8639379797371929 1.8005994749998382 1.0 0.0018646623309075366
1.0210176124166828 1.8005994749998382 1.0 0.0018646623309075366
1.1780972450961724 1.8005994749998382 1.0 0.0018646623309075366
1.335176877775662 1.8005994749998382 1.0 0.0018646623309075366
1.4922565104551517 1.8005994749998382 0.9999999999999999 0.0018646623309075366
1.6493361431346414 1.8005994749998382 0.9999999999999999 0.0018646623309075366
1.806415775814131 1.8005994749998382 1.0 0.0018646623309075366
1.9634954084936207 1.8005994749998382 1.0 0.0018646623309075366
2.1205750411731104 1.8005994749998382 1.0 0.0018646623309075366
2.2776546738526 1.8005994749998382 1.0 0.0018646623309075366
2.4347343065320897 1.8005994749998382 1.0 0.0018646623309075366
2.5918139392115793 1.8005994749998382 1.0 0.0018646623309075366
2.748893571891069 1.8005994749998382 1.0 0.0018646623309075366
2.9059732045705586 1.8005994749998382 1.0 0.0018646623309075366
3.0630528372500483 1.8005994749998382 0.9999999999999999 0.0018646623309075366
-3.063052837250049 1.8005994749998382 1.0 0.0018646623309075366
-2.905973204570559 1.8005994749998382 1.0 0.0018646623309075366
-2.7488935718910694 1.8005994749998382 1.0 0.0018646623309075366
-2.5918139392115793 1.8005994749998382 1.0 0.0018646623309075366
-2.4347343065320906 1.8005994749998382 1.0 0.0018646623309075366
-2.277654673852601 1.8005994749998382 1.0 0.0018646623309075366
-2.12057504117311 1.8005994749998382 1.0 0.0018646623309075366
-1.9634954084936205 1.8005994749998382 1.0 0.0018646623309075366
-1.8064157758141317 1.8005994749998382 1.0 0.0018646623309075366
-1.649336143134642 1.8005994749998382 1.0 0.0018646623309075366
-1.4922565104551515 1.8005994749998382 0.9999999999999999 0.0018646623309075366
-1.3351768777756619 1.8005994749998382 1.0 0.0018646623309075366
-1.178097245096173 1.8005994749998382 1.0 0.0018646623309075366
-1.0210176124166834 1.8005994749998382 0.9999999999999999 0.0018646623309075366
-0.8639379797371929 1.8005994749998382 1.0 0.0018646623309075366
-0.7068583470577032 1.8005994749998382 0.9999999999999999 0.0018646623309075366
-0.5497787143782146 1.8005994749998382 1.0 0.0018646623309075366
-0.3926990816987248 1.8005994749998382 1.0 0.0018646623309075366
-0.23561944901923426 1.8005994749998382 1.0 0.0018646623309075366
-0.07853981633974465 1.8005994749998382 0.9999999999999999 0.0018646623309075366
0.07853981633974483 1.6473977392793937 1.0 0.001909417339134063
0.23561944901923446 1.6473977392793937 1.0 0.001909417339134063
0.3926990816987242 1.6473977392793937 0.9999999999999999 0.001909417339134063
0.5497787143782138 1.6473977392793937 1.0 0.001909417339134063
0.7068583470577035 1.6473977392793937 1.0 0.001909417339134063
0.863937979737193 1.6473977392793937 1.0 0.001909417339134063
1.0210176124166828 1.6473977392793937 1.0 0.001909417339134063
1.1780972450961724 1.6473977392793937 1.0 0.001909417339134063
1.335176877775662 1.6473977392793937 1.0 0.001909417339134063
1.4922565104551517 1.6473977392793937 1.0 0.001909417339134063
1.6493361431346414 1.6473977392793937 1.0 0.001909417339134063
1.806415775814131 1.6473977392793937 1.0 0.001909417339134063
1.9634954084936207 1.6473977392793937 0.9999999999999999 0.001909417339134063
2.1205750411731104 1.6473977392793937 1.0 0.001909417339134063
2.2776546738526 1.6473977392793937 1.0 0.001909417339134063
2.4347343065320897 1.6473977392793937 1.0 0.001909417339134063
2.5918139392115793 1.6473977392793937 1.0 0.001909417339134063
2.748893571891069 1.6473977392793937 1.0 0.001909417339134063
2.9059732045705586 1.6473977392793937 1.0 0.001909417339134063
3.0630528372500483 1.6473977392793937 1.0 0.001909417339134063
-3.063052837250049 1.6473977392793937 1.0 0.001909417339134063
-2.905973204570559 1.6473977392793937 1.0 0.001909417339134063
-2.7488935718910694 1.6473977392793937 1.0 0.001909417339134063
-2.591813939211579 1.6473977392793937 1.0 0.001909417339134063
-2.4347343065320906 1.6473977392793937 1.0 0.001909417339134063
-2.2776546738526005 1.6473977392793937 1.0 0.001909417339134063
-2.12057504117311 1.6473977392793937 1.0 0.001909417339134063
-1.9634954084936205 1.6473977392793937 0.9999999999999999 0.001909417339134063
-1.8064157758141317 1.6473977392793937 1.0 0.001909417339134063
-1.649336143134642 1.6473977392793937 1.0 0.001909417339134063
-1.4922565104551515 1.6473977392793937 1.0 0.001909417339134063
-1.3351768777756619 1.6473977392793937 1.0 0.001909417339134063
-1.178097245096173 1.6473977392793937 0.9999999999999999 0.001909417339134063
-1.0210176124166834 1.6473977392793937 1.0 0.001909417339134063
-0.8639379797371929 1.6473977392793937 1.0 0.001909417339134063
-0.7068583470577032 1.6473977392793937 1.0 0.001909417339134063
-0.5497787143782146 1.6473977392793937 1.0 0.001909417339134063
-0.3926990816987248 1.6473977392793937 1.0 0.001909417339134063
-0.23561944901923423 1.6473977392793937 1.0 0.001909417339134063
-0.07853981633974463 1.6473977392793937 1.0 0.001909417339134063
0.07853981633974483 1.4941949143103996 1.0 0.001909417339134063
0.23561944901923446 1.4941949143103996 1.0 0.001909417339134063
0.3926990816987242 1.4941949143103996 0.9999999999999999 0.001909417339134063
0.5497787143782138 1.4941949143103996 1.0 0.001909417339134063
0.7068583470577035 1.4941949143103996 1.0 0.001909417339134063
0.863937979737193 1.4941949143103996 1.0 0.001909417339134063
1.0210176124166828 1.4941949143103996 1.0 0.001909417339134063
1.1780972450961724 1.4941949143103996 1.0 0.001909417339134063
1.335176877775662 1.4941949143103996 1.0 0.001909417339134063
1.4922565104551517 1.4941949143103996 1.0 0.001909417339134063
1.6493361431346414 1.4941949143103996 1.0 0.001909417339134063
1.806415775814131 1.4941949143103996 1.0 0.001909417339134063
1.9634954084936207 1.4941949143103996 0.9999999999999999 0.001909417339134063
2.1205750411731104 1.4941949143103996 1.0 0.001909417339134063
2.2776546738526 1.4941949143103996 1.0 0.001909417339134063
2.4347343065320897 1.4941949143103996 1.0 0.001909417339134063
2.5918139392115793 1.4941949143103996 1.0 0.001909417339134063
2.748893571891069 1.4941949143103996 1.0 0.001909417339134063
2.9059732045705586 1.4941949143103996 1.0 0.001909417339134063
3.0630528372500483 1.4941949143103996 1.0 0.001909417339134063
-3.063052837250049 1.4941949143103996 1.0 0.001909417339134063
-2.905973204570559 1.4941949143103996 1.0 0.001909417339134063
-2.7488935718910694 1.4941949143103996 1.0 0.001909417339134063
-2.591813939211579 1.4941949143103996 1.0 0.001909417339134063
-2.4347343065320906 1.4941949143103996 1.0 0.001909417339134063
-2.2776546738526005 1.4941949143103996 1.0 0.001909417339134063
-2.12057504117311 1.4941949143103996 1.0 0.001909417339134063
-1.9634954084936205 1.4941949143103996 0.9999999999999999 0.001909417339134063
-1.8064157758141317 1.4941949143103996 1.0 0.001909417339134063
-1.649336143134642 1.4941949143103996 1.0 0.001909417339134063
-1.4922565104551515 1.4941949143103996 1.0 0.001909417339134063
-1.3351768777756619 1.4941949143103996 1.0 0.001909417339134063
-1.178097245096173 1.4941949143103996 0.9999999999999999 0.001909417339134063
-1.0210176124166834 1.4941949143103996 1.0 0.001909417339134063
-0.8639379797371929 1.4941949143103996 1.0 0.001909417339134063
-0.7068583470577032 1.4941949143103996 1.0 0.001909417339134063
-0.5497787143782146 1.4941949143103996 1.0 0.001909417339134063
-0.3926990816987248 1.4941949143103996 1.0 0.001909417339134063
-0.23561944901923423 1.4941949143103996 1.0 0.001909417339134063
-0.07853981633974463 1.4941949143103996 1.0 0.001909417339134063
0.07853981633974483 1.3409931785899551 0.9999999999999999 0.0018646623309075366
0.23561944901923448 1.3409931785899551 1.0 0.0018646623309075366
0.39269908169872414 1.3409931785899551 1.0 0.0018646623309075366
0.5497787143782138 1.3409931785899551 0.9999999999999999 0.0018646623309075366
0.7068583470577036 1.3409931785899551 1.0 0.0018646623309075366
0.8639379797371929 1.3409931785899551 1.0 0.0018646623309075366
1.0210176124166828 1.3409931785899551 1.0 0.0018646623309075366
1.1780972450961724 1.3409931785899551 1.0 0.0018646623309075366
1.335176877775662 1.3409931785899551 1.0 0.0018646623309075366
1.4922565104551517 1.3409931785899551 0.9999999999999999 0.0018646623309075366
1.6493361431346414 1.3409931785899551 0.9999999999999999 0.0018646623309075366
1.806415775814131 1.3409931785899551 1.0 0.0018646623309075366
1.9634954084936207 1.3409931785899551 1.0 0.0018646623309075366
2.1205750411731104 1.3409931785899551 1.0 0.0018646623309075366
2.2776546738526 1.3409931785899551 1.0 0.0018646623309075366
2.4347343065320897 1.3409931785899551 1.0 0.0018646623309075366
2.5918139392115793 1.3409931785899551 1.0 0.0018646623309075366
2.748893571891069 1.3409931785899551 1.0 0.0018646623309075366
2.9059732045705586 1.3409931785899551 1.0 0.0018646623309075366
3.0630528372500483 1.3409931785899551 0.9999999999999999 0.0018646623309075366
-3.063052837250049 1.3409931785899551 1.0 0.0018646623309075366
-2.905973204570559 1.3409931785899551 1.0 0.0018646623309075366
-2.7488935718910694 1.3409931785899551 1.0 0.0018646623309075366
-2.5918139392115793 1.3409931785899551 1.0 0.0018646623309075366
-2.4347343065320906 1.3409931785899551 1.0 0.0018646623309075366
-2.277654673852601 1.3409931785899551 1.0 0.0018646623309075366
-2.12057504117311 1.3409931785899551 1.0 0.0018646623309075366
-1.9634954084936205 1.3409931785899551 1.0 0.0018646623309075366
-1.8064157758141317 1.3409931785899551 1.0 0.0018646623309075366
-1.649336143134642 1.3409931785899551 1.0 0.0018646623309075366
-1.4922565104551515 1.3409931785899551 0.9999999999999999 0.0018646623309075366
-1.3351768777756619 1.3409931785899551 1.0 0.0018646623309075366
-1.178097245096173 1.3409931785899551 1.0 0.0018646623309075366
-1.0210176124166834 1.3409931785899551 0.9999999999999999 0.0018646623309075366
-0.8639379797371929 1.3409931785899551 1.0 0.0018646623309075366
-0.7068583470577032 1.3409931785899551 0.9999999999999999 0.0018646623309075366
-0.5497787143782146 1.3409931785899551 1.0 0.0018646623309075366
-0.3926990816987248 1.3409931785899551 1.0 0.0018646623309075366
-0.23561944901923426 1.3409931785899551 1.0 0.0018646623309075366
-0.07853981633974465 1.3409931785899551 0.9999999999999999 0.0018646623309075366
0.07853981633974483 1.1877949266340988 0.9999999999999999 0.0017762013664797645
0.23561944901923448 1.1877949266340988 0.9999999999999999 0.0017762013664797645
0.39269908169872414 1.1877949266340988 1.0 0.0017762013664797645
0.5497787143782138 1.1877949266340988 0.9999999999999999 0.0017762013664797645
0.7068583470577036 1.1877949266340988 0.9999999999999999 0.0017762013664797645
0.8639379797371929 1.1877949266340988 0.9999999999999999 0.0017762013664797645
1.0210176124166828 1.1877949266340988 0.9999999999999999 0.0017762013664797645
1.1780972450961724 1.1877949266340988 1.0 0.0017762013664797645
1.335176877775662 1.1877949266340988 0.9999999999999999 0.0017762013664797645
1.4922565104551517 1.1877949266340988 0.9999999999999999 0.0017762013664797645
1.6493361431346414 1.1877949266340988 0.9999999999999999 0.0017762013664797645
1.806415775814131 1.1877949266340988 1.0 0.0017762013664797645
1.9634954084936207 1.1877949266340988 0.9999999999999999 0.0017762013664797645
2.1205750411731104 1.1877949266340988 1.0 0.0017762013664797645
2.2776546738526 1.1877949266340988 0.9999999999999999 0.0017762013664797645
2.4347343065320897 1.1877949266340988 0.9999999999999999 0.0017762013664797645
2.5918139392115793 1.1877949266340988 0.9999999999999999 0.0017762013664797645
2.748893571891069 1.1877949266340988 1.0 0.0017762013664797645
2.9059732045705586 1.1877949266340988 0.9999999999999999 0.0017762013664797645
3.0630528372500483 1.1877949266340988 0.9999999999999999 0.0017762013664797645
-3.063052837250049 1.1877949266340988 1.0 0.0017762013664797645
-2.905973204570559 1.1877949266340988 1.0 0.0017762013664797645
-2.7488935718910694 1.1877949266340988 1.0 0.0017762013664797645
-2.5918139392115793 1.1877949266340988 1.0 0.0017762013664797645
-2.4347343065320906 1.1877949266340988 0.9999999999999999 0.0017762013664797645
-2.2776546738526005 1.1877949266340988 1.0 0.0017762013664797645
-2.12057504117311 1.1877949266340988 0.9999999999999999 0.0017762013664797645
-1.9634954084936205 1.1877949266340988 0.9999999999999999 0.0017762013664797645
-1.8064157758141317 1.1877949266340988 0.9999999999999999 0.0017762013664797645
-1.649336143134642 1.1877949266340988 0.9999999999999999 0.0017762013664797645
-1.4922565104551515 1.1877949266340988 0.9999999999999999 0.0017762013664797645
-1.3351768777756619 1.1877949266340988 0.9999999999999999 0.0017762013664797645
-1.178097245096173 1.1877949266340988 0.9999999999999999 0.0017762013664797645
-1.0210176124166834 1.1877949266340988 0.9999999999999998 0.0017762013664797645
-0.8639379797371929 1.1877949266340988 0.9999999999999999 0.0017762013664797645
-0.7068583470577032 1.1877949266340988 0.9999999999999998 0.0017762013664797645
-0.5497787143782146 1.1877949266340988 1.0 0.0017762013664797645
-0.3926990816987248 1.1877949266340988 0.9999999999999999 0.0017762013664797645
-0.23561944901923426 1.1877949266340988 1.0 0.0017762013664797645
-0.07853981633974465 1.1877949266340988 0.9999999999999999 0.0017762013664797645
0.07853981633974484 1.034603297590104 0.9999999999999999 0.0016461079806146988
0.23561944901923446 1.034603297590104 0.9999999999999999 0.0016461079806146988
0.3926990816987242 1.0346032975901043 1.0 0.0016461079806146988
0.5497787143782138 1.034603297590104 0.9999999999999999 0.0016461079806146988
0.7068583470577036 1.0346032975901043 1.0 0.0016461079806146988
0.8639379797371929 1.034603297590104 0.9999999999999999 0.0016461079806146988
1.0210176124166828 1.034603297590104 0.9999999999999999 0.0016461079806146988
1.1780972450961724 1.0346032975901043 1.0 0.0016461079806146988
1.335176877775662 1.0346032975901043 1.0 0.0016461079806146988
1.4922565104551517 1.0346032975901043 1.0 0.0016461079806146988
1.6493361431346414 1.034603297590104 0.9999999999999999 0.0016461079806146988
1.806415775814131 1.034603297590104 0.9999999999999999 0.0016461079806146988
1.9634954084936207 1.034603297590104 0.9999999999999999 0.0016461079806146988
2.1205750411731104 1.0346032975901043 1.0 0.0016461079806146988
2.2776546738526 1.0346032975901043 1.0 0.0016461079806146988
2.4347343065320897 1.0346032975901043 1.0 0.0016461079806146988
2.5918139392115793 1.034603297590104 0.9999999999999999 0.0016461079806146988
2.748893571891069 1.0346032975901043 1.0 0.0016461079806146988
2.9059732045705586 1.0346032975901043 1.0 0.0016461079806146988
3.0630528372500483 1.0346032975901043 1.0 0.0016461079806146988
-3.063052837250049 1.0346032975901043 1.0 0.0016461079806146988
-2.905973204570559 1.034603297590104 0.9999999999999999 0.0016461079806146988
-2.7488935718910694 1.0346032975901043 1.0 0.0016461079806146988
-2.5918139392115793 1.0346032975901043 1.0 0.0016461079806146988
-2.4347343065320906 1.0346032975901043 1.0 0.0016461079806146988
-2.2776546738526005 1.0346032975901043 1.0 0.0016461079806146988
-2.12057504117311 1.034603297590104 0.9999999999999999 0.0016461079806146988
-1.9634954084936205 1.0346032975901043 1.0 0.0016461079806146988
-1.8064157758141317 1.0346032975901043 1.0 0.0016461079806146988
-1.649336143134642 1.0346032975901043 1.0 0.0016461079806146988
-1.4922565104551515 1.0346032975901043 1.0 0.0016461079806146988
-1.3351768777756619 1.0346032975901043 1.0 0.0016461079806146988
-1.178097245096173 1.034603297590104 0.9999999999999999 0.0016461079806146988
-1.0210176124166834 1.0346032975901043 1.0 0.0016461079806146988
-0.8639379797371929 1.034603297590104 0.9999999999999999 0.0016461079806146988
-0.7068583470577032 1.034603297590104 0.9999999999999999 0.0016461079806146988
-0.5497787143782146 1.0346032975901043 1.0 0.0016461079806146988
-0.3926990816987248 1.0346032975901043 1.0 0.0016461079806146988
-0.2356194490192343 1.034603297590104 0.9999999999999999 0.0016461079806146988
-0.07853981633974465 1.034603297590104 0.9999999999999999 0.0016461079806146988
0.07853981633974483 0.8814230742890135 0.9999999999999999 0.0014774316495189707
0.23561944901923448 0.8814230742890135 0.9999999999999999 0.0014774316495189707
0.3926990816987242 0.8814230742890135 0.9999999999999999 0.0014774316495189707
0.5497787143782138 0.8814230742890135 0.9999999999999999 0.0014774316495189707
0.7068583470577035 0.8814230742890135 0.9999999999999999 0.0014774316495189707
0.8639379797371929 0.8814230742890135 0.9999999999999999 0.0014774316495189707
1.0210176124166828 0.8814230742890135 0.9999999999999999 0.0014774316495189707
1.1780972450961724 0.8814230742890135 0.9999999999999999 0.0014774316495189707
1.335176877775662 0.8814230742890135 0.9999999999999999 0.0014774316495189707
1.4922565104551517 0.8814230742890135 0.9999999999999999 0.0014774316495189707
1.6493361431346414 0.8814230742890135 0.9999999999999999 0.0014774316495189707
1.806415775814131 0.8814230742890136 1.0 0.0014774316495189707
1.9634954084936207 0.8814230742890135 0.9999999999999999 0.0014774316495189707
2.1205750411731104 0.8814230742890136 1.0 0.0014774316495189707
2.2776546738526 0.8814230742890135 0.9999999999999999 0.0014774316495189707
2.4347343065320897 0.8814230742890136 1.0 0.0014774316495189707
2.5918139392115793 0.8814230742890135 0.9999999999999999 0.0014774316495189707
2.748893571891069 0.8814230742890135 0.9999999999999999 0.0014774316495189707
2.9059732045705586 0.8814230742890136 1.0 0.0014774316495189707
3.0630528372500483 0.8814230742890135 0.9999999999999999 0.0014774316495189707
-3.063052837250049 0.8814230742890136 1.0 0.0014774316495189707
-2.905973204570559 0.8814230742890136 1.0 0.0014774316495189707
-2.7488935718910694 0.8814230742890136 1.0 0.0014774316495189707
-2.5918139392115793 0.8814230742890136 1.0 0.0014774316495189707
-2.4347343065320906 0.8814230742890136 1.0 0.0014774316495189707
-2.2776546738526005 0.8814230742890136 1.0 0.0014774316495189707
-2.12057504117311 0.8814230742890135 0.9999999999999999 0.0014774316495189707
-1.9634954084936205 0.8814230742890135 0.9999999999999999 0.0014774316495189707
-1.8064157758141317 0.8814230742890135 0.9999999999999999 0.0014774316495189707
-1.649336143134642 0.8814230742890135 0.9999999999999999 0.0014774316495189707
-1.4922565104551515 0.8814230742890135 0.9999999999999999 0.0014774316495189707
-1.3351768777756619 0.8814230742890136 1.0 0.0014774316495189707
-1.178097245096173 0.8814230742890135 0.9999999999999999 0.0014774316495189707
-1.0210176124166834 0.8814230742890135 0.9999999999999999 0.0014774316495189707
-0.8639379797371928 0.8814230742890136 1.0 0.0014774316495189707
-0.7068583470577032 0.8814230742890135 0.9999999999999999 0.0014774316495189707
-0.5497787143782146 0.8814230742890135 0.9999999999999999 0.0014774316495189707
-0.3926990816987248 0.8814230742890136 1.0 0.0014774316495189707
-0.23561944901923426 0.8814230742890136 1.0 0.0014774316495189707
-0.07853981633974465 0.8814230742890135 0.9999999999999999 0.0014774316495189707
0.07853981633974483 0.7282625848696073 1.0 0.0012741264977154968
0.2356194490192345 0.7282625848696073 1.0 0.0012741264977154968
0.39269908169872414 0.7282625848696073 1.0 0.0012741264977154968
0.5497787143782138 0.7282625848696073 1.0 0.0012741264977154968
0.7068583470577035 0.7282625848696073 1.0 0.0012741264977154968
0.8639379797371929 0.7282625848696073 1.0 0.0012741264977154968
1.0210176124166828 0.7282625848696073 1.0 0.0012741264977154968
1.1780972450961724 0.7282625848696073 1.0 0.0012741264977154968
1.335176877775662 0.7282625848696073 1.0 0.0012741264977154968
1.4922565104551517 0.7282625848696073 1.0 0.0012741264977154968
1.6493361431346414 0.7282625848696073 1.0 0.0012741264977154968
1.806415775814131 0.7282625848696073 1.0 0.0012741264977154968
1.9634954084936207 0.7282625848696073 1.0 0.0012741264977154968
2.1205750411731104 0.7282625848696073 1.0 0.0012741264977154968
2.2776546738526 0.7282625848696073 1.0 0.0012741264977154968
2.4347343065320897 0.7282625848696073 1.0 0.0012741264977154968
2.5918139392115793 0.7282625848696073 1.0 0.0012741264977154968
2.748893571891069 0.7282625848696073 1.0 0.0012741264977154968
2.9059732045705586 0.7282625848696073 1.0 0.0012741264977154968
3.0630528372500483 0.7282625848696073 1.0 0.0012741264977154968
-3.063052837250049 0.7282625848696073 1.0 0.0012741264977154968
-2.905973204570559 0.7282625848696073 1.0 0.0012741264977154968
-2.7488935718910694 0.7282625848696073 1.0 0.0012741264977154968
-2.5918139392115793 0.7282625848696073 1.0 0.0012741264977154968
-2.43473430653209 0.7282625848696073 1.0 0.0012741264977154968
-2.2776546738526005 0.7282625848696073 1.0 0.0012741264977154968
-2.12057504117311 0.7282625848696073 1.0 0.0012741264977154968
-1.9634954084936205 0.7282625848696073 1.0 0.0012741264977154968
-1.8064157758141317 0.7282625848696073 1.0 0.0012741264977154968
-1.649336143134642 0.7282625848696073 1.0 0.0012741264977154968
-1.4922565104551515 0.7282625848696073 1.0 0.0012741264977154968
-1.3351768777756619 0.7282625848696073 1.0 0.0012741264977154968
-1.178097245096173 0.7282625848696073 1.0 0.0012741264977154968
-1.0210176124166834 0.7282625848696073 1.0 0.0012741264977154968
-0.8639379797371929 0.7282625848696073 1.0 0.0012741264977154968
-0.7068583470577033 0.7282625848696073 1.0 0.0012741264977154968
-0.5497787143782146 0.7282625848696073 1.0 0.0012741264977154968
-0.3926990816987248 0.7282625848696073 1.0 0.0012741264977154968
-0.23561944901923426 0.7282625848696073 1.0 0.0012741264977154968
-0.07853981633974463 0.7282625848696073 1.0 0.0012741264977154968
0.07853981633974484 0.5751385026314285 1.0 0.0010409592697088032
0.23561944901923448 0.5751385026314283 0.9999999999999999 0.0010409592697088032
0.3926990816987242 0.5751385026314283 0.9999999999999999 0.0010409592697088032
0.5497787143782138 0.5751385026314283 0.9999999999999999 0.0010409592697088032
0.7068583470577035 0.5751385026314285 1.0 0.0010409592697088032
0.863937979737193 0.5751385026314285 1.0 0.0010409592697088032
1.0210176124166828 0.5751385026314285 1.0 0.0010409592697088032
1.1780972450961724 0.5751385026314285 1.0 0.0010409592697088032
1.335176877775662 0.5751385026314283 0.9999999999999999 0.0010409592697088032
1.4922565104551517 0.5751385026314285 1.0 0.0010409592697088032
1.6493361431346414 0.5751385026314285 1.0 0.0010409592697088032
1.806415775814131 0.5751385026314285 1.0 0.0010409592697088032
1.9634954084936207 0.5751385026314283 0.9999999999999999 0.0010409592697088032
2.1205750411731104 0.5751385026314285 1.0 0.0010409592697088032
2.2776546738526 0.5751385026314285 1.0 0.0010409592697088032
2.4347343065320897 0.5751385026314285 1.0 0.0010409592697088032
2.5918139392115793 0.5751385026314285 1.0 0.0010409592697088032
2.748893571891069 0.5751385026314285 1.0 0.0010409592697088032
2.9059732045705586 0.5751385026314283 0.9999999999999999 0.0010409592697088032
3.0630528372500483 0.5751385026314285 1.0 0.0010409592697088032
-3.063052837250049 0.5751385026314285 1.0 0.0010409592697088032
-2.905973204570559 0.5751385026314285 1.0 0.0010409592697088032
-2.7488935718910694 0.5751385026314285 1.0 0.0010409592697088032
-2.591813939211579 0.5751385026314285 1.0 0.0010409592697088032
-2.4347343065320906 0.5751385026314285 1.0 0.0010409592697088032
-2.2776546738526005 0.5751385026314285 1.0 0.0010409592697088032
-2.12057504117311 0.5751385026314285 1.0 0.0010409592697088032
-1.9634954084936205 0.5751385026314285 1.0 0.0010409592697088032
-1.8064157758141317 0.5751385026314285 1.0 0.0010409592697088032
-1.649336143134642 0.5751385026314285 1.0 0.0010409592697088032
-1.4922565104551515 0.5751385026314285 1.0 0.0010409592697088032
-1.3351768777756619 0.5751385026314283 0.9999999999999999 0.0010409592697088032
-1.178097245096173 0.5751385026314285 1.0 0.0010409592697088032
-1.0210176124166834 0.5751385026314285 1.0 0.0010409592697088032
-0.8639379797371929 0.5751385026314285 1.0 0.0010409592697088032
-0.7068583470577032 0.5751385026314283 0.9999999999999999 0.0010409592697088032
-0.5497787143782146 0.5751385026314285 1.0 0.0010409592697088032
-0.3926990816987248 0.5751385026314285 1.0 0.0010409592697088032
-0.2356194490192343 0.5751385026314285 1.0 0.0010409592697088032
-0.07853981633974463 0.5751385026314285 1.0 0.0010409592697088032
0.07853981633974483 0.42209073011111675 1.0 0.0007834006041763642
0.2356194490192345 0.42209073011111675 1.0 0.0007834006041763642
0.39269908169872414 0.42209073011111675 1.0 0.0007834006041763642
0.5497787143782138 0.42209073011111675 1.0 0.0007834006041763642
0.7068583470577035 0.42209073011111675 1.0 0.0007834006041763642
0.863937979737193 0.42209073011111675 1.0 0.0007834006041763642
1.0210176124166828 0.42209073011111675 1.0 0.0007834006041763642
1.1780972450961724 0.42209073011111675 1.0 0.0007834006041763642
1.335176877775662 0.42209073011111675 1.0 0.0007834006041763642
1.4922565104551517 0.42209073011111675 1.0 0.0007834006041763642
1.6493361431346414 0.42209073011111675 1.0 0.0007834006041763642
1.806415775814131 0.42209073011111675 1.0 0.0007834006041763642
1.9634954084936207 0.42209073011111675 1.0 0.0007834006041763642
2.1205750411731104 0.42209073011111675 1.0 0.0007834006041763642
2.2776546738526 0.42209073011111675 1.0 0.0007834006041763642
2.4347343065320897 0.42209073011111675 1.0 0.0007834006041763642
2.5918139392115793 0.42209073011111675 1.0 0.0007834006041763642
2.748893571891069 0.42209073011111675 1.0 0.0007834006041763642
2.9059732045705586 0.42209073011111675 1.0 0.0007834006041763642
3.0630528372500483 0.42209073011111675 1.0 0.0007834006041763642
-3.063052837250049 0.42209073011111675 1.0 0.0007834006041763642
-2.905973204570559 0.42209073011111675 1.0 0.0007834006041763642
-2.7488935718910694 0.42209073011111675 1.0 0.0007834006041763642
-2.5918139392115793 0.42209073011111675 1.0 0.0007834006041763642
-2.4347343065320906 0.42209073011111675 1.0 0.0007834006041763642
-2.277654673852601 0.42209073011111675 1.0 0.0007834006041763642
-2.12057504117311 0.42209073011111675 1.0 0.0007834006041763642
-1.9634954084936205 0.42209073011111675 1.0 0.0007834006041763642
-1.8064157758141317 0.42209073011111675 1.0 0.0007834006041763642
-1.649336143134642 0.42209073011111675 1.0 0.0007834006041763642
-1.4922565104551515 0.42209073011111675 1.0 0.0007834006041763642
-1.3351768777756619 0.42209073011111675 1.0 0.0007834006041763642
-1.178097245096173 0.42209073011111675 1.0 0.0007834006041763642
-1.0210176124166834 0.42209073011111675 1.0 0.0007834006041763642
-0.8639379797371929 0.42209073011111675 1.0 0.0007834006041763642
-0.7068583470577032 0.42209073011111675 1.0 0.0007834006041763642
-0.5497787143782145 0.42209073011111675 1.0 0.0007834006041763642
-0.3926990816987248 0.42209073011111675 1.0 0.0007834006041763642
-0.23561944901923426 0.42209073011111675 1.0 0.0007834006041763642
-0.07853981633974465 0.42209073011111675 1.0 0.0007834006041763642
0.07853981633974483 0.26924528802893016 1.0 0.0005075178725048252
0.23561944901923448 0.26924528802893016 1.0 0.0005075178725048252
0.3926990816987242 0.26924528802893016 1.0 0.0005075178725048252
0.5497787143782138 0.26924528802893016 1.0 0.0005075178725048252
0.7068583470577035 0.26924528802893016 1.0 0.0005075178725048252
0.863937979737193 0.26924528802893016 1.0 0.0005075178725048252
1.0210176124166828 0.26924528802893016 1.0 0.0005075178725048252
1.1780972450961724 0.26924528802893016 1.0 0.0005075178725048252
1.335176877775662 0.26924528802893016 1.0 0.0005075178725048252
1.4922565104551517 0.26924528802893016 1.0 0.0005075178725048252
1.6493361431346414 0.26924528802893016 1.0 0.0005075178725048252
1.806415775814131 0.26924528802893016 1.0 0.0005075178725048252
1.9634954084936207 0.26924528802893016 1.0 0.0005075178725048252
2.1205750411731104 0.26924528802893016 1.0 0.0005075178725048252
2.2776546738526 0.26924528802893016 1.0 0.0005075178725048252
2.4347343065320897 0.26924528802893016 1.0 0.0005075178725048252
2.5918139392115793 0.26924528802893016 1.0 0.0005075178725048252
2.748893571891069 0.26924528802893016 1.0 0.0005075178725048252
2.9059732045705586 0.26924528802893016 1.0 0.0005075178725048252
3.0630528372500483 0.26924528802893016 1.0 0.0005075178725048252
-3.063052837250049 0.26924528802893016 1.0 0.0005075178725048252
-2.905973204570559 0.26924528802893016 1.0 0.0005075178725048252
-2.7488935718910694 0.26924528802893016 1.0 0.0005075178725048252
-2.5918139392115793 0.26924528802893016 1.0 0.0005075178725048252
-2.4347343065320906 0.26924528802893016 1.0 0.0005075178725048252
-2.277654673852601 0.26924528802893016 1.0 0.0005075178725048252
-2.12057504117311 0.26924528802893016 1.0 0.0005075178725048252
-1.9634954084936205 0.26924528802893016 1.0 0.0005075178725048252
-1.8064157758141317 0.26924528802893016 1.0 0.0005075178725048252
-1.649336143134642 0.26924528802893016 1.0 0.0005075178725048252
-1.4922565104551515 0.26924528802893016 1.0 0.0005075178725048252
-1.3351768777756619 0.26924528802893016 1.0 0.0005075178725048252
-1.178097245096173 0.26924528802893016 1.0 0.0005075178725048252
-1.0210176124166834 0.26924528802893016 1.0 0.0005075178725048252
-0.8639379797371929 0.26924528802893016 1.0 0.0005075178725048252
-0.7068583470577032 0.26924528802893016 1.0 0.0005075178725048252
-0.5497787143782145 0.26924528802893016 1.0 0.0005075178725048252
-0.3926990816987248 0.26924528802893016 1.0 0.0005075178725048252
-0.23561944901923426 0.26924528802893016 1.0 0.0005075178725048252
-0.07853981633974463 0.26924528802893016 1.0 0.0005075178725048252
0.07853981633974483 0.11729692770595647 1.0 0.00022017508923941482
0.23561944901923446 0.11729692770595647 1.0 0.00022017508923941482
0.39269908169872414 0.11729692770595647 1.0 0.00022017508923941482
0.5497787143782138 0.11729692770595647 1.0 0.00022017508923941482
0.7068583470577035 0.11729692770595647 1.0 0.00022017508923941482
0.863937979737193 0.11729692770595647 1.0 0.00022017508923941482
1.0210176124166828 0.11729692770595647 1.0 0.00022017508923941482
1.1780972450961724 0.11729692770595647 1.0 0.00022017508923941482
1.335176877775662 0.11729692770595647 1.0 0.00022017508923941482
1.4922565104551517 0.11729692770595647 1.0 0.00022017508923941482
1.6493361431346414 0.11729692770595647 1.0 0.00022017508923941482
1.806415775814131 0.11729692770595647 1.0 0.00022017508923941482
1.9634954084936207 0.11729692770595647 1.0 0.00022017508923941482
2.1205750411731104 0.11729692770595647 1.0 0.00022017508923941482
2.2776546738526 0.11729692770595647 1.0 0.00022017508923941482
2.4347343065320897 0.11729692770595647 1.0 0.00022017508923941482
2.5918139392115793 0.11729692770595647 1.0 0.00022017508923941482
2.748893571891069 0.11729692770595647 1.0 0.00022017508923941482
2.9059732045705586 0.11729692770595647 1.0 0.00022017508923941482
3.0630528372500483 0.11729692770595647 1.0 0.00022017508923941482
-3.063052837250049 0.11729692770595647 1.0 0.00022017508923941482
-2.905973204570559 0.11729692770595647 1.0 0.00022017508923941482
-2.748893571891069 0.11729692770595647 1.0 0.00022017508923941482
-2.591813939211579 0.11729692770595647 1.0 0.00022017508923941482
-2.43473430653209 0.11729692770595647 1.0 0.00022017508923941482
-2.2776546738526005 0.11729692770595647 1.0 0.00022017508923941482
-2.12057504117311 0.11729692770595647 1.0 0.00022017508923941482
-1.9634954084936205 0.11729692770595647 1.0 0.00022017508923941482
-1.8064157758141317 0.11729692770595647 1.0 0.00022017508923941482
-1.649336143134642 0.11729692770595647 1.0 0.00022017508923941482
-1.4922565104551515 0.11729692770595647 1.0 0.00022017508923941482
-1.3351768777756619 0.11729692770595647 1.0 0.00022017508923941482
-1.178097245096173 0.11729692770595647 1.0 0.00022017508923941482
-1.0210176124166834 0.11729692770595647 1.0 0.00022017508923941482
-0.8639379797371929 0.11729692770595647 1.0 0.00022017508923941482
-0.7068583470577032 0.11729692770595647 1.0 0.00022017508923941482
-0.5497787143782145 0.11729692770595647 1.0 0.00022017508923941482
-0.39269908169872486 0.11729692770595647 1.0 0.00022017508923941482
-0.23561944901923426 0.11729692770595647 1.0 0.00022017508923941482
-0.07853981633974463 0.11729692770595647 1.0 0.00022017508923941482
