0.06283185307179587 3.047291813726737 1.0 0.00011393798501027467
0.18849555921538758 3.047291813726737 1.0 0.00011393798501027467
0.3141592653589793 3.047291813726737 1.0 0.00011393798501027467
0.43982297150257105 3.047291813726737 1.0 0.00011393798501027467
0.5654866776461628 3.047291813726737 1.0 0.00011393798501027467
0.6911503837897545 3.047291813726737 1.0 0.00011393798501027467
0.8168140899333464 3.047291813726737 1.0 0.00011393798501027467
0.9424777960769378 3.047291813726737 1.0 0.00011393798501027467
1.0681415022205298 3.047291813726737 1.0 0.00011393798501027467
1.1938052083641213 3.047291813726737 1.0 0.00011393798501027467
1.3194689145077132 3.047291813726737 1.0 0.00011393798501027467
1.4451326206513047 3.047291813726737 1.0 0.00011393798501027467
1.5707963267948966 3.047291813726737 1.0 0.00011393798501027467
1.6964600329384882 3.047291813726737 1.0 0.00011393798501027467
1.8221237390820801 3.047291813726737 1.0 0.00011393798501027467
1.9477874452256716 3.047291813726737 1.0 0.00011393798501027467
2.0734511513692637 3.047291813726737 1.0 0.00011393798501027467
2.199114857512855 3.047291813726737 1.0 0.00011393798501027467
2.324778563656447 3.047291813726737 1.0 0.00011393798501027467
2.4504422698000385 3.047291813726737 1.0 0.00011393798501027467
2.57610597594363 3.047291813726737 1.0 0.00011393798501027467
2.701769682087222 3.047291813726737 1.0 0.00011393798501027467
2.827433388230814 3.047291813726737 1.0 0.00011393798501027467
2.9530970943744057 3.047291813726737 1.0 0.00011393798501027467
3.078760800517997 3.047291813726737 1.0 0.00011393798501027467
-3.0787608005179976 3.047291813726737 1.0 0.00011393798501027467
-2.9530970943744057 3.047291813726737 1.0 0.00011393798501027467
-2.8274333882308142 3.047291813726737 1.0 0.00011393798501027467
-2.701769682087223 3.047291813726737 1.0 0.00011393798501027467
-2.576105975943631 3.047291813726737 1.0 0.00011393798501027467
-2.450442269800039 3.047291813726737 1.0 0.00011393798501027467
-2.324778563656447 3.047291813726737 1.0 0.00011393798501027467
-2.1991148575128556 3.047291813726737 1.0 0.00011393798501027467
-2.0734511513692637 3.047291813726737 1.0 0.00011393798501027467
-1.9477874452256716 3.047291813726737 1.0 0.00011393798501027467
-1.8221237390820797 3.047291813726737 1.0 0.00011393798501027467
-1.6964600329384887 3.047291813726737 1.0 0.00011393798501027467
-1.5707963267948968 3.047291813726737 1.0 0.00011393798501027467
-1.4451326206513049 3.047291813726737 1.0 0.00011393798501027467
-1.319468914507713 3.047291813726737 1.0 0.00011393798501027467
-1.193805208364122 3.047291813726737 1.0 0.00011393798501027467
-1.0681415022205292 3.047291813726737 1.0 0.00011393798501027467
-0.9424777960769383 3.047291813726737 1.0 0.00011393798501027467
-0.8168140899333471 3.047291813726737 1.0 0.00011393798501027467
-0.6911503837897544 3.047291813726737 1.0 0.00011393798501027467
-0.5654866776461634 3.047291813726737 1.0 0.00011393798501027467
-0.43982297150257144 3.047291813726737 1.0 0.00011393798501027467
-0.3141592653589795 3.047291813726737 1.0 0.00011393798501027467
-0.18849555921538763 3.047291813726737 1.0 0.00011393798501027467
-0.06283185307179576 3.047291813726737 1.0 0.00011393798501027467
0.06283185307179587 2.925132912693359 1.0 0.0002635498661503162
0.18849555921538755 2.925132912693359 1.0 0.0002635498661503162
0.3141592653589793 2.925132912693359 1.0 0.0002635498661503162
0.439822971502571 2.925132912693359 1.0 0.0002635498661503162
0.5654866776461628 2.925132912693359 1.0 0.0002635498661503162
0.6911503837897545 2.925132912693359 1.0 0.0002635498661503162
0.8168140899333464 2.925132912693359 1.0 0.0002635498661503162
0.9424777960769378 2.925132912693359 1.0 0.0002635498661503162
1.0681415022205298 2.925132912693359 1.0 0.0002635498661503162
1.1938052083641213 2.925132912693359 1.0 0.0002635498661503162
1.3194689145077132 2.925132912693359 1.0 0.0002635498661503162
1.4451326206513047 2.925132912693359 1.0 0.0002635498661503162
1.5707963267948966 2.925132912693359 1.0 0.0002635498661503162
1.6964600329384882 2.925132912693359 1.0 0.0002635498661503162
1.8221237390820801 2.925132912693359 1.0 0.0002635498661503162
1.9477874452256716 2.925132912693359 1.0 0.0002635498661503162
2.0734511513692637 2.925132912693359 1.0 0.0002635498661503162
2.199114857512855 2.925132912693359 1.0 0.0002635498661503162
2.324778563656447 2.925132912693359 1.0 0.0002635498661503162
2.4504422698000385 2.925132912693359 1.0 0.0002635498661503162
2.57610597594363 2.925132912693359 1.0 0.0002635498661503162
2.701769682087222 2.925132912693359 1.0 0.0002635498661503162
2.827433388230814 2.925132912693359 1.0 0.0002635498661503162
2.9530970943744057 2.925132912693359 1.0 0.0002635498661503162
3.078760800517997 2.925132912693359 1.0 0.0002635498661503162
-3.0787608005179976 2.925132912693359 1.0 0.0002635498661503162
-2.9530970943744057 2.925132912693359 1.0 0.0002635498661503162
-2.8274333882308142 2.925132912693359 1.0 0.0002635498661503162
-2.701769682087223 2.925132912693359 1.0 0.0002635498661503162
-2.576105975943631 2.925132912693359 1.0 0.0002635498661503162
-2.450442269800039 2.925132912693359 1.0 0.0002635498661503162
-2.324778563656447 2.925132912693359 1.0 0.0002635498661503162
-2.1991148575128556 2.925132912693359 1.0 0.0002635498661503162
-2.0734511513692637 2.925132912693359 1.0 0.0002635498661503162
-1.9477874452256716 2.925132912693359 1.0 0.0002635498661503162
-1.8221237390820797 2.925132912693359 1.0 0.0002635498661503162
-1.6964600329384887 2.925132912693359 1.0 0.0002635498661503162
-1.5707963267948968 2.925132912693359 1.0 0.0002635498661503162
-1.4451326206513049 2.925132912693359 1.0 0.0002635498661503162
-1.319468914507713 2.925132912693359 1.0 0.0002635498661503162
-1.193805208364122 2.925132912693359 1.0 0.0002635498661503162
-1.0681415022205292 2.925132912693359 1.0 0.0002635498661503162
-0.9424777960769383 2.925132912693359 1.0 0.0002635498661503162
-0.8168140899333471 2.925132912693359 1.0 0.0002635498661503162
-0.6911503837897545 2.925132912693359 1.0 0.0002635498661503162
-0.5654866776461634 2.925132912693359 1.0 0.0002635498661503162
-0.43982297150257144 2.925132912693359 1.0 0.0002635498661503162
-0.31415926535897953 2.925132912693359 1.0 0.0002635498661503162
-0.18849555921538766 2.925132912693359 1.0 0.0002635498661503162
-0.06283185307179576 2.925132912693359 1.0 0.0002635498661503162
0.06283185307179587 2.802252682333456 1.0 0.00040939156701306047
0.18849555921538755 2.802252682333456 1.0 0.00040939156701306047
0.3141592653589793 2.802252682333456 1.0 0.00040939156701306047
0.43982297150257105 2.802252682333456 1.0 0.00040939156701306047
0.5654866776461629 2.802252682333456 1.0 0.00040939156701306047
0.6911503837897545 2.802252682333456 1.0 0.00040939156701306047
0.8168140899333464 2.802252682333456 1.0 0.00040939156701306047
0.9424777960769378 2.802252682333456 1.0 0.00040939156701306047
1.0681415022205298 2.802252682333456 1.0 0.00040939156701306047
1.1938052083641213 2.802252682333456 1.0 0.00040939156701306047
1.3194689145077132 2.802252682333456 1.0 0.00040939156701306047
1.4451326206513047 2.802252682333456 1.0 0.00040939156701306047
1.5707963267948966 2.802252682333456 1.0 0.00040939156701306047
1.6964600329384882 2.802252682333456 1.0 0.00040939156701306047
1.8221237390820801 2.802252682333456 1.0 0.00040939156701306047
1.9477874452256716 2.802252682333456 1.0 0.00040939156701306047
2.0734511513692637 2.802252682333456 1.0 0.00040939156701306047
2.199114857512855 2.802252682333456 1.0 0.00040939156701306047
2.324778563656447 2.802252682333456 1.0 0.00040939156701306047
2.4504422698000385 2.802252682333456 1.0 0.00040939156701306047
2.57610597594363 2.802252682333456 1.0 0.00040939156701306047
2.701769682087222 2.802252682333456 1.0 0.00040939156701306047
2.827433388230814 2.802252682333456 1.0 0.00040939156701306047
2.9530970943744057 2.802252682333456 1.0 0.00040939156701306047
3.078760800517997 2.802252682333456 1.0 0.00040939156701306047
-3.0787608005179976 2.802252682333456 1.0 0.00040939156701306047
-2.9530970943744057 2.802252682333456 1.0 0.00040939156701306047
-2.8274333882308142 2.802252682333456 1.0 0.00040939156701306047
-2.7017696820872223 2.802252682333456 1.0 0.00040939156701306047
-2.576105975943631 2.802252682333456 1.0 0.00040939156701306047
-2.450442269800039 2.802252682333456 1.0 0.00040939156701306047
-2.324778563656447 2.802252682333456 1.0 0.00040939156701306047
-2.199114857512855 2.802252682333456 1.0 0.00040939156701306047
-2.0734511513692637 2.802252682333456 1.0 0.00040939156701306047
-1.9477874452256716 2.802252682333456 1.0 0.00040939156701306047
-1.8221237390820797 2.802252682333456 1.0 0.00040939156701306047
-1.6964600329384887 2.802252682333456 1.0 0.00040939156701306047
-1.5707963267948968 2.802252682333456 1.0 0.00040939156701306047
-1.4451326206513049 2.802252682333456 1.0 0.00040939156701306047
-1.319468914507713 2.802252682333456 1.0 0.00040939156701306047
-1.193805208364122 2.802252682333456 1.0 0.00040939156701306047
-1.0681415022205292 2.802252682333456 1.0 0.00040939156701306047
-0.9424777960769383 2.802252682333456 1.0 0.00040939156701306047
-0.8168140899333473 2.802252682333456 1.0 0.00040939156701306047
-0.6911503837897545 2.802252682333456 1.0 0.00040939156701306047
-0.5654866776461633 2.802252682333456 1.0 0.00040939156701306047
-0.43982297150257144 2.802252682333456 1.0 0.00040939156701306047
-0.3141592653589795 2.802252682333456 1.0 0.00040939156701306047
-0.18849555921538763 2.802252682333456 1.0 0.00040939156701306047
-0.06283185307179574 2.802252682333456 1.0 0.00040939156701306047
0.06283185307179585 2.679209590576517 1.0 0.0005490469597583484
0.18849555921538758 2.679209590576517 1.0 0.0005490469597583484
0.31415926535897926 2.679209590576517 1.0 0.0005490469597583484
0.439822971502571 2.679209590576517 1.0 0.0005490469597583484
0.5654866776461628 2.679209590576517 1.0 0.0005490469597583484
0.6911503837897545 2.679209590576517 1.0 0.0005490469597583484
0.8168140899333464 2.679209590576517 1.0 0.0005490469597583484
0.9424777960769377 2.679209590576517 1.0 0.0005490469597583484
1.0681415022205298 2.679209590576517 1.0 0.0005490469597583484
1.1938052083641213 2.679209590576517 1.0 0.0005490469597583484
1.3194689145077132 2.679209590576517 1.0 0.0005490469597583484
1.4451326206513047 2.679209590576517 1.0 0.0005490469597583484
1.5707963267948966 2.679209590576517 1.0 0.0005490469597583484
1.6964600329384882 2.679209590576517 1.0 0.0005490469597583484
1.8221237390820801 2.679209590576517 1.0 0.0005490469597583484
1.9477874452256716 2.679209590576517 1.0 0.0005490469597583484
2.0734511513692637 2.679209590576517 1.0 0.0005490469597583484
2.199114857512855 2.679209590576517 1.0 0.0005490469597583484
2.324778563656447 2.679209590576517 1.0 0.0005490469597583484
2.4504422698000385 2.679209590576517 1.0 0.0005490469597583484
2.57610597594363 2.679209590576517 1.0 0.0005490469597583484
2.701769682087222 2.679209590576517 1.0 0.0005490469597583484
2.827433388230814 2.679209590576517 1.0 0.0005490469597583484
2.9530970943744057 2.679209590576517 1.0 0.0005490469597583484
3.078760800517997 2.679209590576517 1.0 0.0005490469597583484
-3.0787608005179976 2.679209590576517 1.0 0.0005490469597583484
-2.9530970943744057 2.679209590576517 1.0 0.0005490469597583484
-2.8274333882308142 2.679209590576517 1.0 0.0005490469597583484
-2.701769682087223 2.679209590576517 1.0 0.0005490469597583484
-2.576105975943631 2.679209590576517 1.0 0.0005490469597583484
-2.4504422698000385 2.679209590576517 1.0 0.0005490469597583484
-2.324778563656447 2.679209590576517 1.0 0.0005490469597583484
-2.1991148575128556 2.679209590576517 1.0 0.0005490469597583484
-2.0734511513692637 2.679209590576517 1.0 0.0005490469597583484
-1.9477874452256716 2.679209590576517 1.0 0.0005490469597583484
-1.8221237390820797 2.679209590576517 1.0 0.0005490469597583484
-1.6964600329384887 2.679209590576517 1.0 0.0005490469597583484
-1.5707963267948968 2.679209590576517 1.0 0.0005490469597583484
-1.4451326206513049 2.679209590576517 1.0 0.0005490469597583484
-1.319468914507713 2.679209590576517 1.0 0.0005490469597583484
-1.193805208364122 2.679209590576517 1.0 0.0005490469597583484
-1.0681415022205292 2.679209590576517 1.0 0.0005490469597583484
-0.9424777960769383 2.679209590576517 1.0 0.0005490469597583484
-0.8168140899333471 2.679209590576517 1.0 0.0005490469597583484
-0.6911503837897544 2.679209590576517 1.0 0.0005490469597583484
-0.5654866776461633 2.679209590576517 1.0 0.0005490469597583484
-0.43982297150257144 2.679209590576517 1.0 0.0005490469597583484
-0.31415926535897953 2.679209590576517 1.0 0.0005490469597583484
-0.18849555921538763 2.679209590576517 1.0 0.0005490469597583484
-0.06283185307179574 2.679209590576517 1.0 0.0005490469597583484
0.06283185307179587 2.556104862478992 1.0 0.0006803833381235625
0.18849555921538755 2.556104862478992 1.0 0.0006803833381235625
0.3141592653589793 2.556104862478992 1.0 0.0006803833381235625
0.43982297150257105 2.556104862478992 1.0 0.0006803833381235625
0.5654866776461628 2.556104862478992 1.0 0.0006803833381235625
0.6911503837897545 2.556104862478992 1.0 0.0006803833381235625
0.8168140899333463 2.556104862478992 1.0 0.0006803833381235625
0.9424777960769378 2.556104862478992 1.0 0.0006803833381235625
1.0681415022205298 2.556104862478992 1.0 0.0006803833381235625
1.1938052083641213 2.556104862478992 1.0 0.0006803833381235625
1.3194689145077132 2.556104862478992 1.0 0.0006803833381235625
1.4451326206513047 2.556104862478992 1.0 0.0006803833381235625
1.5707963267948966 2.556104862478992 1.0 0.0006803833381235625
1.6964600329384882 2.556104862478992 1.0 0.0006803833381235625
1.8221237390820801 2.556104862478992 1.0 0.0006803833381235625
1.9477874452256716 2.556104862478992 1.0 0.0006803833381235625
2.0734511513692637 2.556104862478992 1.0 0.0006803833381235625
2.199114857512855 2.556104862478992 1.0 0.0006803833381235625
2.324778563656447 2.556104862478992 1.0 0.0006803833381235625
2.4504422698000385 2.556104862478992 1.0 0.0006803833381235625
2.57610597594363 2.556104862478992 1.0 0.0006803833381235625
2.701769682087222 2.556104862478992 1.0 0.0006803833381235625
2.827433388230814 2.556104862478992 1.0 0.0006803833381235625
2.9530970943744057 2.556104862478992 1.0 0.0006803833381235625
3.078760800517997 2.556104862478992 1.0 0.0006803833381235625
-3.0787608005179976 2.556104862478992 1.0 0.0006803833381235625
-2.9530970943744053 2.556104862478992 1.0 0.0006803833381235625
-2.8274333882308142 2.556104862478992 1.0 0.0006803833381235625
-2.701769682087223 2.556104862478992 1.0 0.0006803833381235625
-2.576105975943631 2.556104862478992 1.0 0.0006803833381235625
-2.450442269800039 2.556104862478992 1.0 0.0006803833381235625
-2.324778563656447 2.556104862478992 1.0 0.0006803833381235625
-2.1991148575128556 2.556104862478992 1.0 0.0006803833381235625
-2.0734511513692637 2.556104862478992 1.0 0.0006803833381235625
-1.9477874452256716 2.556104862478992 1.0 0.0006803833381235625
-1.8221237390820797 2.556104862478992 1.0 0.0006803833381235625
-1.6964600329384887 2.556104862478992 1.0 0.0006803833381235625
-1.5707963267948968 2.556104862478992 1.0 0.0006803833381235625
-1.4451326206513049 2.556104862478992 1.0 0.0006803833381235625
-1.319468914507713 2.556104862478992 1.0 0.0006803833381235625
-1.193805208364122 2.556104862478992 1.0 0.0006803833381235625
-1.0681415022205292 2.556104862478992 1.0 0.0006803833381235625
-0.9424777960769382 2.556104862478992 1.0 0.0006803833381235625
-0.8168140899333473 2.556104862478992 1.0 0.0006803833381235625
-0.6911503837897544 2.556104862478992 1.0 0.0006803833381235625
-0.5654866776461633 2.556104862478992 1.0 0.0006803833381235625
-0.43982297150257144 2.556104862478992 1.0 0.0006803833381235625
-0.3141592653589795 2.556104862478992 1.0 0.0006803833381235625
-0.18849555921538763 2.556104862478992 1.0 0.0006803833381235625
-0.06283185307179576 2.556104862478992 1.0 0.0006803833381235625
0.06283185307179587 2.432970469835932 1.0 0.000801407003350001
0.18849555921538755 2.432970469835932 1.0 0.000801407003350001
0.3141592653589793 2.432970469835932 1.0 0.000801407003350001
0.43982297150257105 2.432970469835932 1.0 0.000801407003350001
0.5654866776461629 2.432970469835932 1.0 0.000801407003350001
0.6911503837897545 2.432970469835932 1.0 0.000801407003350001
0.8168140899333464 2.432970469835932 1.0 0.000801407003350001
0.9424777960769378 2.432970469835932 1.0 0.000801407003350001
1.0681415022205298 2.432970469835932 1.0 0.000801407003350001
1.1938052083641213 2.432970469835932 1.0 0.000801407003350001
1.3194689145077132 2.432970469835932 1.0 0.000801407003350001
1.4451326206513047 2.432970469835932 1.0 0.000801407003350001
1.5707963267948966 2.432970469835932 1.0 0.000801407003350001
1.6964600329384882 2.432970469835932 1.0 0.000801407003350001
1.8221237390820801 2.432970469835932 1.0 0.000801407003350001
1.9477874452256716 2.432970469835932 1.0 0.000801407003350001
2.0734511513692637 2.432970469835932 1.0 0.000801407003350001
2.199114857512855 2.432970469835932 1.0 0.000801407003350001
2.324778563656447 2.432970469835932 1.0 0.000801407003350001
2.4504422698000385 2.432970469835932 1.0 0.000801407003350001
2.57610597594363 2.432970469835932 1.0 0.000801407003350001
2.701769682087222 2.432970469835932 1.0 0.000801407003350001
2.827433388230814 2.432970469835932 1.0 0.000801407003350001
2.9530970943744057 2.432970469835932 1.0 0.000801407003350001
3.078760800517997 2.432970469835932 1.0 0.000801407003350001
-3.0787608005179976 2.432970469835932 1.0 0.000801407003350001
-2.9530970943744053 2.432970469835932 1.0 0.000801407003350001
-2.8274333882308142 2.432970469835932 1.0 0.000801407003350001
-2.701769682087223 2.432970469835932 1.0 0.000801407003350001
-2.576105975943631 2.432970469835932 1.0 0.000801407003350001
-2.450442269800039 2.432970469835932 1.0 0.000801407003350001
-2.324778563656447 2.432970469835932 1.0 0.000801407003350001
-2.1991148575128556 2.432970469835932 1.0 0.000801407003350001
-2.0734511513692637 2.432970469835932 1.0 0.000801407003350001
-1.9477874452256716 2.432970469835932 1.0 0.000801407003350001
-1.8221237390820797 2.432970469835932 1.0 0.000801407003350001
-1.6964600329384887 2.432970469835932 1.0 0.000801407003350001
-1.5707963267948968 2.432970469835932 1.0 0.000801407003350001
-1.4451326206513049 2.432970469835932 1.0 0.000801407003350001
-1.319468914507713 2.432970469835932 1.0 0.000801407003350001
-1.193805208364122 2.432970469835932 1.0 0.000801407003350001
-1.0681415022205292 2.432970469835932 1.0 0.000801407003350001
-0.9424777960769383 2.432970469835932 1.0 0.000801407003350001
-0.8168140899333471 2.432970469835932 1.0 0.000801407003350001
-0.6911503837897544 2.432970469835932 1.0 0.000801407003350001
-0.5654866776461634 2.432970469835932 1.0 0.000801407003350001
-0.43982297150257144 2.432970469835932 1.0 0.000801407003350001
-0.31415926535897953 2.432970469835932 1.0 0.000801407003350001
-0.18849555921538763 2.432970469835932 1.0 0.000801407003350001
-0.06283185307179576 2.432970469835932 1.0 0.000801407003350001
0.06283185307179587 2.309819681708366 1.0 0.0009102826198296238
0.18849555921538755 2.309819681708366 1.0 0.0009102826198296238
0.3141592653589793 2.309819681708366 1.0 0.0009102826198296238
0.43982297150257105 2.309819681708366 1.0 0.0009102826198296238
0.5654866776461628 2.309819681708366 1.0 0.0009102826198296238
0.6911503837897545 2.309819681708366 1.0 0.0009102826198296238
0.8168140899333464 2.309819681708366 1.0 0.0009102826198296238
0.9424777960769378 2.309819681708366 1.0 0.0009102826198296238
1.0681415022205298 2.309819681708366 1.0 0.0009102826198296238
1.1938052083641213 2.309819681708366 1.0 0.0009102826198296238
1.3194689145077132 2.309819681708366 1.0 0.0009102826198296238
1.4451326206513047 2.309819681708366 1.0 0.0009102826198296238
1.5707963267948966 2.309819681708366 1.0 0.0009102826198296238
1.6964600329384882 2.309819681708366 1.0 0.0009102826198296238
1.8221237390820801 2.309819681708366 1.0 0.0009102826198296238
1.9477874452256716 2.309819681708366 1.0 0.0009102826198296238
2.0734511513692637 2.309819681708366 1.0 0.0009102826198296238
2.199114857512855 2.309819681708366 1.0 0.0009102826198296238
2.324778563656447 2.309819681708366 1.0 0.0009102826198296238
2.4504422698000385 2.309819681708366 1.0 0.0009102826198296238
2.57610597594363 2.309819681708366 1.0 0.0009102826198296238
2.701769682087222 2.309819681708366 1.0 0.0009102826198296238
2.827433388230814 2.309819681708366 1.0 0.0009102826198296238
2.9530970943744057 2.309819681708366 1.0 0.0009102826198296238
3.078760800517997 2.309819681708366 1.0 0.0009102826198296238
-3.0787608005179976 2.309819681708366 1.0 0.0009102826198296238
-2.9530970943744053 2.309819681708366 1.0 0.0009102826198296238
-2.8274333882308142 2.309819681708366 1.0 0.0009102826198296238
-2.701769682087223 2.309819681708366 1.0 0.0009102826198296238
-2.576105975943631 2.309819681708366 1.0 0.0009102826198296238
-2.4504422698000385 2.309819681708366 1.0 0.0009102826198296238
-2.324778563656447 2.309819681708366 1.0 0.0009102826198296238
-2.199114857512855 2.309819681708366 1.0 0.0009102826198296238
-2.0734511513692637 2.309819681708366 1.0 0.0009102826198296238
-1.9477874452256716 2.309819681708366 1.0 0.0009102826198296238
-1.8221237390820797 2.309819681708366 1.0 0.0009102826198296238
-1.6964600329384887 2.309819681708366 1.0 0.0009102826198296238
-1.5707963267948968 2.309819681708366 1.0 0.0009102826198296238
-1.4451326206513049 2.309819681708366 1.0 0.0009102826198296238
-1.319468914507713 2.309819681708366 1.0 0.0009102826198296238
-1.193805208364122 2.309819681708366 1.0 0.0009102826198296238
-1.0681415022205292 2.309819681708366 1.0 0.0009102826198296238
-0.9424777960769383 2.309819681708366 1.0 0.0009102826198296238
-0.8168140899333473 2.309819681708366 1.0 0.0009102826198296238
-0.6911503837897544 2.309819681708366 1.0 0.0009102826198296238
-0.5654866776461633 2.309819681708366 1.0 0.0009102826198296238
-0.43982297150257144 2.309819681708366 1.0 0.0009102826198296238
-0.31415926535897953 2.309819681708366 1.0 0.0009102826198296238
-0.18849555921538763 2.309819681708366 1.0 0.0009102826198296238
-0.06283185307179576 2.309819681708366 1.0 0.0009102826198296238
0.06283185307179585 2.186659017351561 1.0 0.0010053594906704938
0.18849555921538755 2.186659017351561 1.0 0.0010053594906704938
0.3141592653589793 2.186659017351561 0.9999999999999999 0.0010053594906704938
0.43982297150257105 2.186659017351561 1.0 0.0010053594906704938
0.5654866776461628 2.186659017351561 0.9999999999999999 0.0010053594906704938
0.6911503837897545 2.186659017351561 0.9999999999999999 0.0010053594906704938
0.8168140899333464 2.186659017351561 0.9999999999999999 0.0010053594906704938
0.9424777960769378 2.186659017351561 0.9999999999999999 0.0010053594906704938
1.0681415022205298 2.186659017351561 1.0 0.0010053594906704938
1.1938052083641213 2.186659017351561 0.9999999999999999 0.0010053594906704938
1.3194689145077132 2.186659017351561 0.9999999999999999 0.0010053594906704938
1.4451326206513047 2.186659017351561 0.9999999999999999 0.0010053594906704938
1.5707963267948966 2.186659017351561 0.9999999999999999 0.0010053594906704938
1.6964600329384882 2.186659017351561 1.0 0.0010053594906704938
1.8221237390820801 2.186659017351561 0.9999999999999999 0.0010053594906704938
1.9477874452256716 2.186659017351561 1.0 0.0010053594906704938
2.0734511513692637 2.186659017351561 0.9999999999999999 0.0010053594906704938
2.199114857512855 2.186659017351561 0.9999999999999999 0.0010053594906704938
2.324778563656447 2.186659017351561 0.9999999999999999 0.0010053594906704938
2.4504422698000385 2.186659017351561 1.0 0.0010053594906704938
2.57610597594363 2.186659017351561 1.0 0.0010053594906704938
2.701769682087222 2.186659017351561 0.9999999999999999 0.0010053594906704938
2.827433388230814 2.186659017351561 0.9999999999999999 0.0010053594906704938
2.9530970943744057 2.186659017351561 1.0 0.0010053594906704938
3.078760800517997 2.186659017351561 1.0 0.0010053594906704938
-3.0787608005179976 2.186659017351561 1.0 0.0010053594906704938
-2.9530970943744057 2.186659017351561 0.9999999999999999 0.0010053594906704938
-2.8274333882308142 2.186659017351561 0.9999999999999999 0.0010053594906704938
-2.7017696820872223 2.186659017351561 0.9999999999999999 0.0010053594906704938
-2.576105975943631 2.186659017351561 0.9999999999999999 0.0010053594906704938
-2.450442269800039 2.186659017351561 0.9999999999999999 0.0010053594906704938
-2.324778563656447 2.186659017351561 0.9999999999999999 0.0010053594906704938
-2.1991148575128556 2.186659017351561 0.9999999999999999 0.0010053594906704938
-2.0734511513692633 2.186659017351561 0.9999999999999999 0.0010053594906704938
-1.9477874452256716 2.186659017351561 1.0 0.0010053594906704938
-1.8221237390820797 2.186659017351561 0.9999999999999999 0.0010053594906704938
-1.6964600329384887 2.186659017351561 0.9999999999999999 0.0010053594906704938
-1.5707963267948968 2.186659017351561 0.9999999999999999 0.0010053594906704938
-1.4451326206513049 2.186659017351561 1.0 0.0010053594906704938
-1.319468914507713 2.186659017351561 0.9999999999999999 0.0010053594906704938
-1.193805208364122 2.186659017351561 0.9999999999999999 0.0010053594906704938
-1.0681415022205292 2.186659017351561 0.9999999999999999 0.0010053594906704938
-0.9424777960769383 2.186659017351561 0.9999999999999999 0.0010053594906704938
-0.8168140899333473 2.186659017351561 0.9999999999999999 0.0010053594906704938
-0.6911503837897544 2.186659017351561 1.0 0.0010053594906704938
-0.5654866776461633 2.186659017351561 0.9999999999999999 0.0010053594906704938
-0.4398229715025714 2.186659017351561 1.0 0.0010053594906704938
-0.31415926535897953 2.186659017351561 0.9999999999999999 0.0010053594906704938
-0.18849555921538763 2.186659017351561 1.0 0.0010053594906704938
-0.06283185307179574 2.186659017351561 1.0 0.0010053594906704938
0.06283185307179585 2.0634920851779133 1.0 0.0010851962447426225
0.18849555921538755 2.0634920851779133 1.0 0.0010851962447426225
0.3141592653589793 2.0634920851779133 1.0 0.0010851962447426225
0.43982297150257105 2.0634920851779133 1.0 0.0010851962447426225
0.5654866776461629 2.0634920851779133 0.9999999999999999 0.0010851962447426225
0.6911503837897545 2.0634920851779133 0.9999999999999999 0.0010851962447426225
0.8168140899333463 2.0634920851779133 1.0 0.0010851962447426225
0.9424777960769378 2.0634920851779133 1.0 0.0010851962447426225
1.0681415022205298 2.0634920851779133 1.0 0.0010851962447426225
1.1938052083641213 2.0634920851779133 1.0 0.0010851962447426225
1.3194689145077132 2.0634920851779133 0.9999999999999999 0.0010851962447426225
1.4451326206513047 2.0634920851779133 1.0 0.0010851962447426225
1.5707963267948966 2.0634920851779133 1.0 0.0010851962447426225
1.6964600329384882 2.0634920851779133 1.0 0.0010851962447426225
1.8221237390820801 2.0634920851779133 0.9999999999999999 0.0010851962447426225
1.9477874452256716 2.0634920851779133 1.0 0.0010851962447426225
2.0734511513692637 2.0634920851779133 0.9999999999999999 0.0010851962447426225
2.199114857512855 2.0634920851779133 0.9999999999999999 0.0010851962447426225
2.324778563656447 2.0634920851779133 1.0 0.0010851962447426225
2.4504422698000385 2.0634920851779133 1.0 0.0010851962447426225
2.57610597594363 2.0634920851779133 1.0 0.0010851962447426225
2.701769682087222 2.0634920851779133 0.9999999999999999 0.0010851962447426225
2.827433388230814 2.0634920851779133 1.0 0.0010851962447426225
2.9530970943744057 2.0634920851779133 1.0 0.0010851962447426225
3.078760800517997 2.0634920851779133 1.0 0.0010851962447426225
-3.0787608005179976 2.0634920851779133 1.0 0.0010851962447426225
-2.9530970943744057 2.0634920851779133 1.0 0.0010851962447426225
-2.8274333882308142 2.0634920851779133 1.0 0.0010851962447426225
-2.701769682087223 2.0634920851779133 1.0 0.0010851962447426225
-2.5761059759436304 2.0634920851779133 1.0 0.0010851962447426225
-2.4504422698000385 2.0634920851779133 0.9999999999999999 0.0010851962447426225
-2.324778563656447 2.0634920851779133 1.0 0.0010851962447426225
-2.1991148575128556 2.0634920851779133 1.0 0.0010851962447426225
-2.0734511513692637 2.0634920851779133 0.9999999999999999 0.0010851962447426225
-1.9477874452256716 2.0634920851779133 1.0 0.0010851962447426225
-1.8221237390820797 2.0634920851779133 1.0 0.0010851962447426225
-1.6964600329384887 2.0634920851779133 1.0 0.0010851962447426225
-1.5707963267948968 2.0634920851779133 1.0 0.0010851962447426225
-1.4451326206513049 2.0634920851779133 1.0 0.0010851962447426225
-1.319468914507713 2.0634920851779133 0.9999999999999999 0.0010851962447426225
-1.193805208364122 2.0634920851779133 0.9999999999999999 0.0010851962447426225
-1.0681415022205292 2.0634920851779133 1.0 0.0010851962447426225
-0.9424777960769383 2.0634920851779133 1.0 0.0010851962447426225
-0.8168140899333473 2.0634920851779133 0.9999999999999999 0.0010851962447426225
-0.6911503837897544 2.0634920851779133 1.0 0.0010851962447426225
-0.5654866776461633 2.0634920851779133 1.0 0.0010851962447426225
-0.43982297150257144 2.0634920851779133 0.9999999999999999 0.0010851962447426225
-0.3141592653589795 2.0634920851779133 1.0 0.0010851962447426225
-0.18849555921538763 2.0634920851779133 1.0 0.0010851962447426225
-0.06283185307179574 2.0634920851779133 1.0 0.0010851962447426225
0.06283185307179587 1.940321080265612 1.0 0.001148582591457102
0.18849555921538755 1.940321080265612 1.0 0.001148582591457102
0.3141592653589793 1.9403210802656121 0.9999999999999999 0.001148582591457102
0.43982297150257105 1.940321080265612 1.0 0.001148582591457102
0.5654866776461628 1.940321080265612 1.0 0.001148582591457102
0.6911503837897545 1.940321080265612 1.0 0.001148582591457102
0.8168140899333463 1.940321080265612 1.0 0.001148582591457102
0.9424777960769378 1.940321080265612 1.0 0.001148582591457102
1.0681415022205298 1.940321080265612 1.0 0.001148582591457102
1.1938052083641213 1.940321080265612 1.0 0.001148582591457102
1.3194689145077132 1.940321080265612 1.0 0.001148582591457102
1.4451326206513047 1.940321080265612 1.0 0.001148582591457102
1.5707963267948966 1.940321080265612 1.0 0.001148582591457102
1.6964600329384882 1.940321080265612 1.0 0.001148582591457102
1.8221237390820801 1.940321080265612 1.0 0.001148582591457102
1.9477874452256716 1.940321080265612 1.0 0.001148582591457102
2.0734511513692637 1.940321080265612 1.0 0.001148582591457102
2.199114857512855 1.9403210802656121 0.9999999999999999 0.001148582591457102
2.324778563656447 1.940321080265612 1.0 0.001148582591457102
2.4504422698000385 1.940321080265612 1.0 0.001148582591457102
2.57610597594363 1.940321080265612 1.0 0.001148582591457102
2.701769682087222 1.9403210802656121 0.9999999999999999 0.001148582591457102
2.827433388230814 1.9403210802656121 0.9999999999999999 0.001148582591457102
2.9530970943744057 1.940321080265612 1.0 0.001148582591457102
3.078760800517997 1.940321080265612 1.0 0.001148582591457102
-3.0787608005179976 1.940321080265612 1.0 0.001148582591457102
-2.9530970943744053 1.9403210802656121 0.9999999999999999 0.001148582591457102
-2.8274333882308142 1.940321080265612 1.0 0.001148582591457102
-2.701769682087223 1.940321080265612 1.0 0.001148582591457102
-2.576105975943631 1.940321080265612 1.0 0.001148582591457102
-2.4504422698000385 1.940321080265612 1.0 0.001148582591457102
-2.324778563656447 1.940321080265612 1.0 0.001148582591457102
-2.199114857512855 1.940321080265612 1.0 0.001148582591457102
-2.0734511513692637 1.940321080265612 1.0 0.001148582591457102
-1.9477874452256716 1.940321080265612 1.0 0.001148582591457102
-1.8221237390820797 1.940321080265612 1.0 0.001148582591457102
-1.6964600329384887 1.940321080265612 1.0 0.001148582591457102
-1.5707963267948968 1.940321080265612 1.0 0.001148582591457102
-1.4451326206513049 1.940321080265612 1.0 0.001148582591457102
-1.319468914507713 1.940321080265612 1.0 0.001148582591457102
-1.193805208364122 1.9403210802656121 0.9999999999999999 0.001148582591457102
-1.0681415022205292 1.940321080265612 1.0 0.001148582591457102
-0.9424777960769382 1.940321080265612 1.0 0.001148582591457102
-0.8168140899333471 1.940321080265612 1.0 0.001148582591457102
-0.6911503837897545 1.940321080265612 1.0 0.001148582591457102
-0.5654866776461633 1.940321080265612 1.0 0.001148582591457102
-0.43982297150257144 1.940321080265612 1.0 0.001148582591457102
-0.31415926535897953 1.940321080265612 1.0 0.001148582591457102
-0.18849555921538766 1.940321080265612 1.0 0.001148582591457102
-0.06283185307179576 1.940321080265612 1.0 0.001148582591457102
0.06283185307179587 1.8171474558534064 1.0 0.001194557635357832
0.18849555921538755 1.8171474558534064 1.0 0.001194557635357832
0.3141592653589793 1.8171474558534064 1.0 0.001194557635357832
0.43982297150257105 1.8171474558534064 1.0 0.001194557635357832
0.5654866776461628 1.8171474558534064 1.0 0.001194557635357832
0.6911503837897544 1.8171474558534064 1.0 0.001194557635357832
0.8168140899333464 1.8171474558534064 1.0 0.001194557635357832
0.9424777960769377 1.8171474558534064 1.0 0.001194557635357832
1.0681415022205298 1.8171474558534064 1.0 0.001194557635357832
1.1938052083641213 1.8171474558534064 1.0 0.001194557635357832
1.3194689145077132 1.8171474558534064 0.9999999999999999 0.001194557635357832
1.4451326206513047 1.8171474558534064 1.0 0.001194557635357832
1.5707963267948966 1.8171474558534064 1.0 0.001194557635357832
1.6964600329384882 1.8171474558534064 1.0 0.001194557635357832
1.8221237390820801 1.8171474558534064 1.0 0.001194557635357832
1.9477874452256716 1.8171474558534064 1.0 0.001194557635357832
2.0734511513692637 1.8171474558534064 1.0 0.001194557635357832
2.199114857512855 1.8171474558534064 1.0 0.001194557635357832
2.324778563656447 1.8171474558534064 1.0 0.001194557635357832
2.4504422698000385 1.8171474558534064 1.0 0.001194557635357832
2.57610597594363 1.8171474558534064 1.0 0.001194557635357832
2.701769682087222 1.8171474558534064 0.9999999999999999 0.001194557635357832
2.827433388230814 1.8171474558534064 1.0 0.001194557635357832
2.9530970943744057 1.8171474558534064 1.0 0.001194557635357832
3.078760800517997 1.8171474558534064 1.0 0.001194557635357832
-3.0787608005179976 1.8171474558534064 1.0 0.001194557635357832
-2.9530970943744057 1.8171474558534064 1.0 0.001194557635357832
-2.8274333882308142 1.8171474558534064 1.0 0.001194557635357832
-2.7017696820872223 1.8171474558534064 1.0 0.001194557635357832
-2.576105975943631 1.8171474558534064 1.0 0.001194557635357832
-2.450442269800039 1.8171474558534064 1.0 0.001194557635357832
-2.324778563656447 1.8171474558534064 1.0 0.001194557635357832
-2.1991148575128556 1.8171474558534064 1.0 0.001194557635357832
-2.0734511513692637 1.8171474558534064 1.0 0.001194557635357832
-1.9477874452256716 1.8171474558534064 1.0 0.001194557635357832
-1.8221237390820797 1.8171474558534064 1.0 0.001194557635357832
-1.6964600329384887 1.8171474558534064 1.0 0.001194557635357832
-1.5707963267948968 1.8171474558534064 1.0 0.001194557635357832
-1.4451326206513049 1.8171474558534064 1.0 0.001194557635357832
-1.319468914507713 1.8171474558534064 1.0 0.001194557635357832
-1.193805208364122 1.8171474558534064 1.0 0.001194557635357832
-1.0681415022205292 1.8171474558534064 1.0 0.001194557635357832
-0.9424777960769382 1.8171474558534064 1.0 0.001194557635357832
-0.8168140899333471 1.8171474558534064 1.0 0.001194557635357832
-0.6911503837897542 1.8171474558534064 1.0 0.001194557635357832
-0.5654866776461634 1.8171474558534064 1.0 0.001194557635357832
-0.43982297150257144 1.8171474558534064 1.0 0.001194557635357832
-0.31415926535897953 1.8171474558534064 1.0 0.001194557635357832
-0.18849555921538763 1.8171474558534064 1.0 0.001194557635357832
-0.06283185307179576 1.8171474558534064 1.0 0.001194557635357832
0.06283185307179587 1.693972260454126 0.9999999999999999 0.0012224244299030853
0.18849555921538755 1.693972260454126 1.0 0.0012224244299030853
0.3141592653589793 1.693972260454126 0.9999999999999999 0.0012224244299030853
0.43982297150257105 1.693972260454126 1.0 0.0012224244299030853
0.5654866776461628 1.693972260454126 1.0 0.0012224244299030853
0.6911503837897544 1.693972260454126 0.9999999999999999 0.0012224244299030853
0.8168140899333463 1.693972260454126 0.9999999999999999 0.0012224244299030853
0.9424777960769378 1.693972260454126 0.9999999999999999 0.0012224244299030853
1.0681415022205298 1.693972260454126 1.0 0.0012224244299030853
1.1938052083641213 1.693972260454126 1.0 0.0012224244299030853
1.3194689145077132 1.693972260454126 0.9999999999999999 0.0012224244299030853
1.4451326206513047 1.693972260454126 0.9999999999999999 0.0012224244299030853
1.5707963267948966 1.693972260454126 1.0 0.0012224244299030853
1.6964600329384882 1.693972260454126 1.0 0.0012224244299030853
1.8221237390820801 1.693972260454126 0.9999999999999999 0.0012224244299030853
1.9477874452256716 1.693972260454126 1.0 0.0012224244299030853
2.0734511513692637 1.693972260454126 0.9999999999999999 0.0012224244299030853
2.199114857512855 1.693972260454126 0.9999999999999999 0.0012224244299030853
2.324778563656447 1.693972260454126 0.9999999999999999 0.0012224244299030853
2.4504422698000385 1.693972260454126 1.0 0.0012224244299030853
2.57610597594363 1.693972260454126 1.0 0.0012224244299030853
2.701769682087222 1.693972260454126 0.9999999999999999 0.0012224244299030853
2.827433388230814 1.693972260454126 0.9999999999999999 0.0012224244299030853
2.9530970943744057 1.693972260454126 1.0 0.0012224244299030853
3.078760800517997 1.693972260454126 1.0 0.0012224244299030853
-3.0787608005179976 1.693972260454126 0.9999999999999999 0.0012224244299030853
-2.9530970943744057 1.693972260454126 0.9999999999999999 0.0012224244299030853
-2.8274333882308142 1.693972260454126 1.0 0.0012224244299030853
-2.701769682087223 1.693972260454126 0.9999999999999999 0.0012224244299030853
-2.576105975943631 1.693972260454126 1.0 0.0012224244299030853
-2.450442269800039 1.693972260454126 0.9999999999999999 0.0012224244299030853
-2.324778563656447 1.693972260454126 0.9999999999999999 0.0012224244299030853
-2.1991148575128556 1.693972260454126 0.9999999999999999 0.0012224244299030853
-2.0734511513692637 1.693972260454126 0.9999999999999999 0.0012224244299030853
-1.9477874452256716 1.693972260454126 1.0 0.0012224244299030853
-1.8221237390820797 1.693972260454126 0.9999999999999999 0.0012224244299030853
-1.6964600329384887 1.693972260454126 0.9999999999999999 0.0012224244299030853
-1.5707963267948968 1.693972260454126 1.0 0.0012224244299030853
-1.4451326206513049 1.693972260454126 1.0 0.0012224244299030853
-1.319468914507713 1.693972260454126 1.0 0.0012224244299030853
-1.193805208364122 1.693972260454126 0.9999999999999999 0.0012224244299030853
-1.0681415022205292 1.693972260454126 1.0 0.0012224244299030853
-0.9424777960769382 1.693972260454126 0.9999999999999999 0.0012224244299030853
-0.8168140899333471 1.693972260454126 0.9999999999999999 0.0012224244299030853
-0.6911503837897544 1.693972260454126 1.0 0.0012224244299030853
-0.5654866776461633 1.693972260454126 0.9999999999999999 0.0012224244299030853
-0.43982297150257144 1.693972260454126 1.0 0.0012224244299030853
-0.31415926535897953 1.693972260454126 1.0 0.0012224244299030853
-0.18849555921538763 1.693972260454126 1.0 0.0012224244299030853
-0.06283185307179576 1.693972260454126 0.9999999999999999 0.0012224244299030853
0.06283185307179587 1.5707963267948966 1.0 0.001231760537267139
0.18849555921538755 1.5707963267948966 1.0 0.001231760537267139
0.3141592653589793 1.5707963267948966 0.9999999999999999 0.001231760537267139
0.43982297150257105 1.5707963267948966 1.0 0.001231760537267139
0.5654866776461628 1.5707963267948966 1.0 0.001231760537267139
0.6911503837897545 1.5707963267948966 0.9999999999999999 0.001231760537267139
0.8168140899333463 1.5707963267948966 1.0 0.001231760537267139
0.9424777960769378 1.5707963267948966 1.0 0.001231760537267139
1.0681415022205298 1.5707963267948966 1.0 0.001231760537267139
1.1938052083641213 1.5707963267948966 1.0 0.001231760537267139
1.3194689145077132 1.5707963267948966 0.9999999999999999 0.001231760537267139
1.4451326206513047 1.5707963267948966 0.9999999999999999 0.001231760537267139
1.5707963267948966 1.5707963267948966 1.0 0.001231760537267139
1.6964600329384882 1.5707963267948966 1.0 0.001231760537267139
1.8221237390820801 1.5707963267948966 1.0 0.001231760537267139
1.9477874452256716 1.5707963267948966 1.0 0.001231760537267139
2.0734511513692637 1.5707963267948966 1.0 0.001231760537267139
2.199114857512855 1.5707963267948966 0.9999999999999999 0.001231760537267139
2.324778563656447 1.5707963267948966 0.9999999999999999 0.001231760537267139
2.4504422698000385 1.5707963267948966 1.0 0.001231760537267139
2.57610597594363 1.5707963267948966 1.0 0.001231760537267139
2.701769682087222 1.5707963267948966 0.9999999999999999 0.001231760537267139
2.827433388230814 1.5707963267948966 1.0 0.001231760537267139
2.9530970943744057 1.5707963267948966 1.0 0.001231760537267139
3.078760800517997 1.5707963267948966 1.0 0.001231760537267139
-3.0787608005179976 1.5707963267948966 1.0 0.001231760537267139
-2.9530970943744057 1.5707963267948966 0.9999999999999999 0.001231760537267139
-2.8274333882308142 1.5707963267948966 1.0 0.001231760537267139
-2.701769682087223 1.5707963267948966 0.9999999999999999 0.001231760537267139
-2.576105975943631 1.5707963267948966 1.0 0.001231760537267139
-2.450442269800039 1.5707963267948966 0.9999999999999999 0.001231760537267139
-2.324778563656447 1.5707963267948966 1.0 0.001231760537267139
-2.1991148575128556 1.5707963267948966 1.0 0.001231760537267139
-2.0734511513692637 1.5707963267948966 1.0 0.001231760537267139
-1.9477874452256716 1.5707963267948966 1.0 0.001231760537267139
-1.8221237390820797 1.5707963267948966 1.0 0.001231760537267139
-1.6964600329384887 1.5707963267948966 1.0 0.001231760537267139
-1.5707963267948968 1.5707963267948966 1.0 0.001231760537267139
-1.4451326206513049 1.5707963267948966 1.0 0.001231760537267139
-1.319468914507713 1.5707963267948966 1.0 0.001231760537267139
-1.193805208364122 1.5707963267948966 1.0 0.001231760537267139
-1.0681415022205292 1.5707963267948966 1.0 0.001231760537267139
-0.9424777960769383 1.5707963267948966 1.0 0.001231760537267139
-0.8168140899333471 1.5707963267948966 0.9999999999999999 0.001231760537267139
-0.6911503837897544 1.5707963267948966 1.0 0.001231760537267139
-0.5654866776461633 1.5707963267948966 1.0 0.001231760537267139
-0.43982297150257144 1.5707963267948966 1.0 0.001231760537267139
-0.31415926535897953 1.5707963267948966 1.0 0.001231760537267139
-0.18849555921538763 1.5707963267948966 1.0 0.001231760537267139
-0.06283185307179576 1.5707963267948966 1.0 0.001231760537267139
0.06283185307179587 1.447620393135667 0.9999999999999999 0.0012224244299030853
0.18849555921538755 1.447620393135667 1.0 0.0012224244299030853
0.3141592653589793 1.447620393135667 0.9999999999999999 0.0012224244299030853
0.43982297150257105 1.447620393135667 1.0 0.0012224244299030853
0.5654866776461628 1.447620393135667 1.0 0.0012224244299030853
0.6911503837897544 1.447620393135667 0.9999999999999999 0.0012224244299030853
0.8168140899333463 1.447620393135667 0.9999999999999999 0.0012224244299030853
0.9424777960769378 1.447620393135667 0.9999999999999999 0.0012224244299030853
1.0681415022205298 1.447620393135667 1.0 0.0012224244299030853
1.1938052083641213 1.447620393135667 1.0 0.0012224244299030853
1.3194689145077132 1.447620393135667 0.9999999999999999 0.0012224244299030853
1.4451326206513047 1.447620393135667 0.9999999999999999 0.0012224244299030853
1.5707963267948966 1.447620393135667 1.0 0.0012224244299030853
1.6964600329384882 1.447620393135667 1.0 0.0012224244299030853
1.8221237390820801 1.447620393135667 0.9999999999999999 0.0012224244299030853
1.9477874452256716 1.447620393135667 1.0 0.0012224244299030853
2.0734511513692637 1.447620393135667 0.9999999999999999 0.0012224244299030853
2.199114857512855 1.447620393135667 0.9999999999999999 0.0012224244299030853
2.324778563656447 1.447620393135667 0.9999999999999999 0.0012224244299030853
2.4504422698000385 1.447620393135667 1.0 0.0012224244299030853
2.57610597594363 1.447620393135667 1.0 0.0012224244299030853
2.701769682087222 1.447620393135667 0.9999999999999999 0.0012224244299030853
2.827433388230814 1.447620393135667 0.9999999999999999 0.0012224244299030853
2.9530970943744057 1.447620393135667 1.0 0.0012224244299030853
3.078760800517997 1.447620393135667 1.0 0.0012224244299030853
-3.0787608005179976 1.447620393135667 0.9999999999999999 0.0012224244299030853
-2.9530970943744057 1.447620393135667 0.9999999999999999 0.0012224244299030853
-2.8274333882308142 1.447620393135667 1.0 0.0012224244299030853
-2.701769682087223 1.447620393135667 0.9999999999999999 0.0012224244299030853
-2.576105975943631 1.447620393135667 1.0 0.0012224244299030853
-2.450442269800039 1.447620393135667 0.9999999999999999 0.0012224244299030853
-2.324778563656447 1.447620393135667 0.9999999999999999 0.0012224244299030853
-2.1991148575128556 1.447620393135667 0.9999999999999999 0.0012224244299030853
-2.0734511513692637 1.447620393135667 0.9999999999999999 0.0012224244299030853
-1.9477874452256716 1.447620393135667 1.0 0.0012224244299030853
-1.8221237390820797 1.447620393135667 0.9999999999999999 0.0012224244299030853
-1.6964600329384887 1.447620393135667 0.9999999999999999 0.0012224244299030853
-1.5707963267948968 1.447620393135667 1.0 0.0012224244299030853
-1.4451326206513049 1.447620393135667 1.0 0.0012224244299030853
-1.319468914507713 1.447620393135667 1.0 0.0012224244299030853
-1.193805208364122 1.447620393135667 0.9999999999999999 0.0012224244299030853
-1.0681415022205292 1.447620393135667 1.0 0.0012224244299030853
-0.9424777960769382 1.447620393135667 0.9999999999999999 0.0012224244299030853
-0.8168140899333471 1.447620393135667 0.9999999999999999 0.0012224244299030853
-0.6911503837897544 1.447620393135667 1.0 0.0012224244299030853
-0.5654866776461633 1.447620393135667 0.9999999999999999 0.0012224244299030853
-0.43982297150257144 1.447620393135667 1.0 0.0012224244299030853
-0.31415926535897953 1.447620393135667 1.0 0.0012224244299030853
-0.18849555921538763 1.447620393135667 1.0 0.0012224244299030853
-0.06283185307179576 1.447620393135667 0.9999999999999999 0.0012224244299030853
0.06283185307179587 1.324445197736387 1.0 0.001194557635357832
0.18849555921538755 1.324445197736387 1.0 0.001194557635357832
0.3141592653589793 1.324445197736387 1.0 0.001194557635357832
0.43982297150257105 1.324445197736387 1.0 0.001194557635357832
0.5654866776461628 1.324445197736387 1.0 0.001194557635357832
0.6911503837897544 1.324445197736387 1.0 0.001194557635357832
0.8168140899333464 1.324445197736387 1.0 0.001194557635357832
0.9424777960769377 1.324445197736387 1.0 0.001194557635357832
1.0681415022205298 1.324445197736387 1.0 0.001194557635357832
1.1938052083641213 1.324445197736387 1.0 0.001194557635357832
1.3194689145077132 1.3244451977363867 0.9999999999999999 0.001194557635357832
1.4451326206513047 1.324445197736387 1.0 0.001194557635357832
1.5707963267948966 1.324445197736387 1.0 0.001194557635357832
1.6964600329384882 1.324445197736387 1.0 0.001194557635357832
1.8221237390820801 1.324445197736387 1.0 0.001194557635357832
1.9477874452256716 1.324445197736387 1.0 0.001194557635357832
2.0734511513692637 1.324445197736387 1.0 0.001194557635357832
2.199114857512855 1.324445197736387 1.0 0.001194557635357832
2.324778563656447 1.324445197736387 1.0 0.001194557635357832
2.4504422698000385 1.324445197736387 1.0 0.001194557635357832
2.57610597594363 1.324445197736387 1.0 0.001194557635357832
2.701769682087222 1.3244451977363867 0.9999999999999999 0.001194557635357832
2.827433388230814 1.324445197736387 1.0 0.001194557635357832
2.9530970943744057 1.324445197736387 1.0 0.001194557635357832
3.078760800517997 1.324445197736387 1.0 0.001194557635357832
-3.0787608005179976 1.324445197736387 1.0 0.001194557635357832
-2.9530970943744057 1.324445197736387 1.0 0.001194557635357832
-2.8274333882308142 1.324445197736387 1.0 0.001194557635357832
-2.7017696820872223 1.324445197736387 1.0 0.001194557635357832
-2.576105975943631 1.324445197736387 1.0 0.001194557635357832
-2.450442269800039 1.324445197736387 1.0 0.001194557635357832
-2.324778563656447 1.324445197736387 1.0 0.001194557635357832
-2.1991148575128556 1.324445197736387 1.0 0.001194557635357832
-2.0734511513692637 1.324445197736387 1.0 0.001194557635357832
-1.9477874452256716 1.324445197736387 1.0 0.001194557635357832
-1.8221237390820797 1.324445197736387 1.0 0.001194557635357832
-1.6964600329384887 1.324445197736387 1.0 0.001194557635357832
-1.5707963267948968 1.324445197736387 1.0 0.001194557635357832
-1.4451326206513049 1.324445197736387 1.0 0.001194557635357832
-1.319468914507713 1.324445197736387 1.0 0.001194557635357832
-1.193805208364122 1.324445197736387 1.0 0.001194557635357832
-1.0681415022205292 1.324445197736387 1.0 0.001194557635357832
-0.9424777960769382 1.324445197736387 1.0 0.001194557635357832
-0.8168140899333471 1.324445197736387 1.0 0.001194557635357832
-0.6911503837897542 1.324445197736387 1.0 0.001194557635357832
-0.5654866776461634 1.324445197736387 1.0 0.001194557635357832
-0.43982297150257144 1.324445197736387 1.0 0.001194557635357832
-0.31415926535897953 1.324445197736387 1.0 0.001194557635357832
-0.18849555921538763 1.324445197736387 1.0 0.001194557635357832
-0.06283185307179576 1.324445197736387 1.0 0.001194557635357832
0.06283185307179587 1.2012715733241812 1.0 0.001148582591457102
0.18849555921538755 1.2012715733241812 1.0 0.001148582591457102
0.3141592653589793 1.2012715733241812 0.9999999999999999 0.001148582591457102
0.43982297150257105 1.2012715733241812 1.0 0.001148582591457102
0.5654866776461628 1.2012715733241812 1.0 0.001148582591457102
0.6911503837897545 1.2012715733241812 1.0 0.001148582591457102
0.8168140899333463 1.2012715733241812 1.0 0.001148582591457102
0.9424777960769378 1.2012715733241812 1.0 0.001148582591457102
1.0681415022205298 1.2012715733241812 1.0 0.001148582591457102
1.1938052083641213 1.2012715733241812 1.0 0.001148582591457102
1.3194689145077132 1.2012715733241812 1.0 0.001148582591457102
1.4451326206513047 1.2012715733241812 1.0 0.001148582591457102
1.5707963267948966 1.2012715733241812 1.0 0.001148582591457102
1.6964600329384882 1.2012715733241812 1.0 0.001148582591457102
1.8221237390820801 1.2012715733241812 1.0 0.001148582591457102
1.9477874452256716 1.2012715733241812 1.0 0.001148582591457102
2.0734511513692637 1.2012715733241812 1.0 0.001148582591457102
2.199114857512855 1.2012715733241812 0.9999999999999999 0.001148582591457102
2.324778563656447 1.2012715733241812 1.0 0.001148582591457102
2.4504422698000385 1.2012715733241812 1.0 0.001148582591457102
2.57610597594363 1.2012715733241812 1.0 0.001148582591457102
2.701769682087222 1.2012715733241812 0.9999999999999999 0.001148582591457102
2.827433388230814 1.2012715733241812 0.9999999999999999 0.001148582591457102
2.9530970943744057 1.2012715733241812 1.0 0.001148582591457102
3.078760800517997 1.2012715733241812 1.0 0.001148582591457102
-3.0787608005179976 1.2012715733241812 1.0 0.001148582591457102
-2.9530970943744053 1.2012715733241812 0.9999999999999999 0.001148582591457102
-2.8274333882308142 1.2012715733241812 1.0 0.001148582591457102
-2.701769682087223 1.2012715733241812 1.0 0.001148582591457102
-2.576105975943631 1.2012715733241812 1.0 0.001148582591457102
-2.4504422698000385 1.2012715733241812 1.0 0.001148582591457102
-2.324778563656447 1.2012715733241812 1.0 0.001148582591457102
-2.199114857512855 1.2012715733241812 1.0 0.001148582591457102
-2.0734511513692637 1.2012715733241812 1.0 0.001148582591457102
-1.9477874452256716 1.2012715733241812 1.0 0.001148582591457102
-1.8221237390820797 1.2012715733241812 1.0 0.001148582591457102
-1.6964600329384887 1.2012715733241812 1.0 0.001148582591457102
-1.5707963267948968 1.2012715733241812 1.0 0.001148582591457102
-1.4451326206513049 1.2012715733241812 1.0 0.001148582591457102
-1.319468914507713 1.2012715733241812 1.0 0.001148582591457102
-1.193805208364122 1.2012715733241812 0.9999999999999999 0.001148582591457102
-1.0681415022205292 1.2012715733241812 1.0 0.001148582591457102
-0.9424777960769382 1.2012715733241812 1.0 0.001148582591457102
-0.8168140899333471 1.2012715733241812 1.0 0.001148582591457102
-0.6911503837897545 1.2012715733241812 1.0 0.001148582591457102
-0.5654866776461633 1.2012715733241812 1.0 0.001148582591457102
-0.43982297150257144 1.2012715733241812 1.0 0.001148582591457102
-0.31415926535897953 1.2012715733241812 1.0 0.001148582591457102
-0.18849555921538766 1.2012715733241812 1.0 0.001148582591457102
-0.06283185307179576 1.2012715733241812 1.0 0.001148582591457102
0.06283185307179585 1.0781005684118798 1.0 0.0010851962447426225
0.18849555921538755 1.0781005684118798 1.0 0.0010851962447426225
0.3141592653589793 1.0781005684118798 1.0 0.0010851962447426225
0.43982297150257105 1.0781005684118798 1.0 0.0010851962447426225
0.5654866776461629 1.0781005684118798 0.9999999999999999 0.0010851962447426225
0.6911503837897545 1.0781005684118798 0.9999999999999999 0.0010851962447426225
0.8168140899333463 1.0781005684118798 1.0 0.0010851962447426225
0.9424777960769378 1.0781005684118798 1.0 0.0010851962447426225
1.0681415022205298 1.0781005684118798 1.0 0.0010851962447426225
1.1938052083641213 1.0781005684118798 1.0 0.0010851962447426225
1.3194689145077132 1.0781005684118798 0.9999999999999999 0.0010851962447426225
1.4451326206513047 1.0781005684118798 1.0 0.0010851962447426225
1.5707963267948966 1.0781005684118798 1.0 0.0010851962447426225
1.6964600329384882 1.0781005684118798 1.0 0.0010851962447426225
1.8221237390820801 1.0781005684118798 0.9999999999999999 0.0010851962447426225
1.9477874452256716 1.0781005684118798 1.0 0.0010851962447426225
2.0734511513692637 1.0781005684118798 0.9999999999999999 0.0010851962447426225
2.199114857512855 1.0781005684118798 0.9999999999999999 0.0010851962447426225
2.324778563656447 1.0781005684118798 1.0 0.0010851962447426225
2.4504422698000385 1.0781005684118798 1.0 0.0010851962447426225
2.57610597594363 1.0781005684118798 1.0 0.0010851962447426225
2.701769682087222 1.0781005684118798 0.9999999999999999 0.0010851962447426225
2.827433388230814 1.0781005684118798 1.0 0.0010851962447426225
2.9530970943744057 1.0781005684118798 1.0 0.0010851962447426225
3.078760800517997 1.0781005684118798 1.0 0.0010851962447426225
-3.0787608005179976 1.0781005684118798 1.0 0.0010851962447426225
-2.9530970943744057 1.0781005684118798 1.0 0.0010851962447426225
-2.8274333882308142 1.0781005684118798 1.0 0.0010851962447426225
-2.701769682087223 1.0781005684118798 1.0 0.0010851962447426225
-2.5761059759436304 1.0781005684118798 1.0 0.0010851962447426225
-2.4504422698000385 1.0781005684118798 0.9999999999999999 0.0010851962447426225
-2.324778563656447 1.0781005684118798 1.0 0.0010851962447426225
-2.1991148575128556 1.0781005684118798 1.0 0.0010851962447426225
-2.0734511513692637 1.0781005684118798 0.9999999999999999 0.0010851962447426225
-1.9477874452256716 1.0781005684118798 1.0 0.0010851962447426225
-1.8221237390820797 1.0781005684118798 1.0 0.0010851962447426225
-1.6964600329384887 1.0781005684118798 1.0 0.0010851962447426225
-1.5707963267948968 1.0781005684118798 1.0 0.0010851962447426225
-1.4451326206513049 1.0781005684118798 1.0 0.0010851962447426225
-1.319468914507713 1.0781005684118798 0.9999999999999999 0.0010851962447426225
-1.193805208364122 1.0781005684118798 0.9999999999999999 0.0010851962447426225
-1.0681415022205292 1.0781005684118798 1.0 0.0010851962447426225
-0.9424777960769383 1.0781005684118798 1.0 0.0010851962447426225
-0.8168140899333473 1.0781005684118798 0.9999999999999999 0.0010851962447426225
-0.6911503837897544 1.0781005684118798 1.0 0.0010851962447426225
-0.5654866776461633 1.0781005684118798 1.0 0.0010851962447426225
-0.43982297150257144 1.0781005684118798 0.9999999999999999 0.0010851962447426225
-0.3141592653589795 1.0781005684118798 1.0 0.0010851962447426225
-0.18849555921538763 1.0781005684118798 1.0 0.0010851962447426225
-0.06283185307179574 1.0781005684118798 1.0 0.0010851962447426225
0.06283185307179585 0.9549336362382322 1.0 0.0010053594906704938
0.18849555921538755 0.9549336362382322 1.0 0.0010053594906704938
0.3141592653589793 0.954933636238232 0.9999999999999999 0.0010053594906704938
0.43982297150257105 0.9549336362382322 1.0 0.0010053594906704938
0.5654866776461628 0.954933636238232 0.9999999999999999 0.0010053594906704938
0.6911503837897545 0.954933636238232 0.9999999999999999 0.0010053594906704938
0.8168140899333464 0.954933636238232 0.9999999999999999 0.0010053594906704938
0.9424777960769378 0.954933636238232 0.9999999999999999 0.0010053594906704938
1.0681415022205298 0.9549336362382322 1.0 0.0010053594906704938
1.1938052083641213 0.954933636238232 0.9999999999999999 0.0010053594906704938
1.3194689145077132 0.954933636238232 0.9999999999999999 0.0010053594906704938
1.4451326206513047 0.954933636238232 0.9999999999999999 0.0010053594906704938
1.5707963267948966 0.954933636238232 0.9999999999999999 0.0010053594906704938
1.6964600329384882 0.9549336362382322 1.0 0.0010053594906704938
1.8221237390820801 0.954933636238232 0.9999999999999999 0.0010053594906704938
1.9477874452256716 0.9549336362382322 1.0 0.0010053594906704938
2.0734511513692637 0.954933636238232 0.9999999999999999 0.0010053594906704938
2.199114857512855 0.954933636238232 0.9999999999999999 0.0010053594906704938
2.324778563656447 0.954933636238232 0.9999999999999999 0.0010053594906704938
2.4504422698000385 0.9549336362382322 1.0 0.0010053594906704938
2.57610597594363 0.9549336362382322 1.0 0.0010053594906704938
2.701769682087222 0.954933636238232 0.9999999999999999 0.0010053594906704938
2.827433388230814 0.954933636238232 0.9999999999999999 0.0010053594906704938
2.9530970943744057 0.9549336362382322 1.0 0.0010053594906704938
3.078760800517997 0.9549336362382322 1.0 0.0010053594906704938
-3.0787608005179976 0.9549336362382322 1.0 0.0010053594906704938
-2.9530970943744057 0.954933636238232 0.9999999999999999 0.0010053594906704938
-2.8274333882308142 0.954933636238232 0.9999999999999999 0.0010053594906704938
-2.7017696820872223 0.954933636238232 0.9999999999999999 0.0010053594906704938
-2.576105975943631 0.954933636238232 0.9999999999999999 0.0010053594906704938
-2.450442269800039 0.954933636238232 0.9999999999999999 0.0010053594906704938
-2.324778563656447 0.954933636238232 0.9999999999999999 0.0010053594906704938
-2.1991148575128556 0.954933636238232 0.9999999999999999 0.0010053594906704938
-2.0734511513692633 0.954933636238232 0.9999999999999999 0.0010053594906704938
-1.9477874452256716 0.9549336362382322 1.0 0.0010053594906704938
-1.8221237390820797 0.954933636238232 0.9999999999999999 0.0010053594906704938
-1.6964600329384887 0.954933636238232 0.9999999999999999 0.0010053594906704938
-1.5707963267948968 0.954933636238232 0.9999999999999999 0.0010053594906704938
-1.4451326206513049 0.9549336362382322 1.0 0.0010053594906704938
-1.319468914507713 0.954933636238232 0.9999999999999999 0.0010053594906704938
-1.193805208364122 0.954933636238232 0.9999999999999999 0.0010053594906704938
-1.0681415022205292 0.954933636238232 0.9999999999999999 0.0010053594906704938
-0.9424777960769383 0.954933636238232 0.9999999999999999 0.0010053594906704938
-0.8168140899333473 0.954933636238232 0.9999999999999999 0.0010053594906704938
-0.6911503837897544 0.9549336362382322 1.0 0.0010053594906704938
-0.5654866776461633 0.954933636238232 0.9999999999999999 0.0010053594906704938
-0.4398229715025714 0.9549336362382322 1.0 0.0010053594906704938
-0.31415926535897953 0.954933636238232 0.9999999999999999 0.0010053594906704938
-0.18849555921538763 0.9549336362382322 1.0 0.0010053594906704938
-0.06283185307179574 0.9549336362382322 1.0 0.0010053594906704938
0.06283185307179587 0.8317729718814276 1.0 0.0009102826198296238
0.18849555921538755 0.8317729718814276 1.0 0.0009102826198296238
0.3141592653589793 0.8317729718814276 1.0 0.0009102826198296238
0.43982297150257105 0.8317729718814276 1.0 0.0009102826198296238
0.5654866776461628 0.8317729718814276 1.0 0.0009102826198296238
0.6911503837897545 0.8317729718814276 1.0 0.0009102826198296238
0.8168140899333464 0.8317729718814276 1.0 0.0009102826198296238
0.9424777960769378 0.8317729718814276 1.0 0.0009102826198296238
1.0681415022205298 0.8317729718814276 1.0 0.0009102826198296238
1.1938052083641213 0.8317729718814276 1.0 0.0009102826198296238
1.3194689145077132 0.8317729718814276 1.0 0.0009102826198296238
1.4451326206513047 0.8317729718814276 1.0 0.0009102826198296238
1.5707963267948966 0.8317729718814276 1.0 0.0009102826198296238
1.6964600329384882 0.8317729718814276 1.0 0.0009102826198296238
1.8221237390820801 0.8317729718814276 1.0 0.0009102826198296238
1.9477874452256716 0.8317729718814276 1.0 0.0009102826198296238
2.0734511513692637 0.8317729718814276 1.0 0.0009102826198296238
2.199114857512855 0.8317729718814276 1.0 0.0009102826198296238
2.324778563656447 0.8317729718814276 1.0 0.0009102826198296238
2.4504422698000385 0.8317729718814276 1.0 0.0009102826198296238
2.57610597594363 0.8317729718814276 1.0 0.0009102826198296238
2.701769682087222 0.8317729718814276 1.0 0.0009102826198296238
2.827433388230814 0.8317729718814276 1.0 0.0009102826198296238
2.9530970943744057 0.8317729718814276 1.0 0.0009102826198296238
3.078760800517997 0.8317729718814276 1.0 0.0009102826198296238
-3.0787608005179976 0.8317729718814276 1.0 0.0009102826198296238
-2.9530970943744053 0.8317729718814276 1.0 0.0009102826198296238
-2.8274333882308142 0.8317729718814276 1.0 0.0009102826198296238
-2.701769682087223 0.8317729718814276 1.0 0.0009102826198296238
-2.576105975943631 0.8317729718814276 1.0 0.0009102826198296238
-2.4504422698000385 0.8317729718814276 1.0 0.0009102826198296238
-2.324778563656447 0.8317729718814276 1.0 0.0009102826198296238
-2.199114857512855 0.8317729718814276 1.0 0.0009102826198296238
-2.0734511513692637 0.8317729718814276 1.0 0.0009102826198296238
-1.9477874452256716 0.8317729718814276 1.0 0.0009102826198296238
-1.8221237390820797 0.8317729718814276 1.0 0.0009102826198296238
-1.6964600329384887 0.8317729718814276 1.0 0.0009102826198296238
-1.5707963267948968 0.8317729718814276 1.0 0.0009102826198296238
-1.4451326206513049 0.8317729718814276 1.0 0.0009102826198296238
-1.319468914507713 0.8317729718814276 1.0 0.0009102826198296238
-1.193805208364122 0.8317729718814276 1.0 0.0009102826198296238
-1.0681415022205292 0.8317729718814276 1.0 0.0009102826198296238
-0.9424777960769383 0.8317729718814276 1.0 0.0009102826198296238
-0.8168140899333473 0.8317729718814276 1.0 0.0009102826198296238
-0.6911503837897544 0.8317729718814276 1.0 0.0009102826198296238
-0.5654866776461633 0.8317729718814276 1.0 0.0009102826198296238
-0.43982297150257144 0.8317729718814276 1.0 0.0009102826198296238
-0.31415926535897953 0.8317729718814276 1.0 0.0009102826198296238
-0.18849555921538763 0.8317729718814276 1.0 0.0009102826198296238
-0.06283185307179576 0.8317729718814276 1.0 0.0009102826198296238
0.06283185307179587 0.7086221837538612 1.0 0.000801407003350001
0.18849555921538755 0.7086221837538612 1.0 0.000801407003350001
0.3141592653589793 0.7086221837538612 1.0 0.000801407003350001
0.43982297150257105 0.7086221837538612 1.0 0.000801407003350001
0.5654866776461629 0.7086221837538612 1.0 0.000801407003350001
0.6911503837897545 0.7086221837538612 1.0 0.000801407003350001
0.8168140899333464 0.7086221837538612 1.0 0.000801407003350001
0.9424777960769378 0.7086221837538612 1.0 0.000801407003350001
1.0681415022205298 0.7086221837538612 1.0 0.000801407003350001
1.1938052083641213 0.7086221837538612 1.0 0.000801407003350001
1.3194689145077132 0.7086221837538612 1.0 0.000801407003350001
1.4451326206513047 0.7086221837538612 1.0 0.000801407003350001
1.5707963267948966 0.7086221837538612 1.0 0.000801407003350001
1.6964600329384882 0.7086221837538612 1.0 0.000801407003350001
1.8221237390820801 0.7086221837538612 1.0 0.000801407003350001
1.9477874452256716 0.7086221837538612 1.0 0.000801407003350001
2.0734511513692637 0.7086221837538612 1.0 0.000801407003350001
2.199114857512855 0.7086221837538612 1.0 0.000801407003350001
2.324778563656447 0.7086221837538612 1.0 0.000801407003350001
2.4504422698000385 0.7086221837538612 1.0 0.000801407003350001
2.57610597594363 0.7086221837538612 1.0 0.000801407003350001
2.701769682087222 0.7086221837538612 1.0 0.000801407003350001
2.827433388230814 0.7086221837538612 1.0 0.000801407003350001
2.9530970943744057 0.7086221837538612 1.0 0.000801407003350001
3.078760800517997 0.7086221837538612 1.0 0.000801407003350001
-3.0787608005179976 0.7086221837538612 1.0 0.000801407003350001
-2.9530970943744053 0.7086221837538612 1.0 0.000801407003350001
-2.8274333882308142 0.7086221837538612 1.0 0.000801407003350001
-2.701769682087223 0.7086221837538612 1.0 0.000801407003350001
-2.576105975943631 0.7086221837538612 1.0 0.000801407003350001
-2.450442269800039 0.7086221837538612 1.0 0.000801407003350001
-2.324778563656447 0.7086221837538612 1.0 0.000801407003350001
-2.1991148575128556 0.7086221837538612 1.0 0.000801407003350001
-2.0734511513692637 0.7086221837538612 1.0 0.000801407003350001
-1.9477874452256716 0.7086221837538612 1.0 0.000801407003350001
-1.8221237390820797 0.7086221837538612 1.0 0.000801407003350001
-1.6964600329384887 0.7086221837538612 1.0 0.000801407003350001
-1.5707963267948968 0.7086221837538612 1.0 0.000801407003350001
-1.4451326206513049 0.7086221837538612 1.0 0.000801407003350001
-1.319468914507713 0.7086221837538612 1.0 0.000801407003350001
-1.193805208364122 0.7086221837538612 1.0 0.000801407003350001
-1.0681415022205292 0.7086221837538612 1.0 0.000801407003350001
-0.9424777960769383 0.7086221837538612 1.0 0.000801407003350001
-0.8168140899333471 0.7086221837538612 1.0 0.000801407003350001
-0.6911503837897544 0.7086221837538612 1.0 0.000801407003350001
-0.5654866776461634 0.7086221837538612 1.0 0.000801407003350001
-0.43982297150257144 0.7086221837538612 1.0 0.000801407003350001
-0.31415926535897953 0.7086221837538612 1.0 0.000801407003350001
-0.18849555921538763 0.7086221837538612 1.0 0.000801407003350001
-0.06283185307179576 0.7086221837538612 1.0 0.000801407003350001
0.06283185307179587 0.5854877911108012 1.0 0.0006803833381235625
0.18849555921538755 0.5854877911108012 1.0 0.0006803833381235625
0.3141592653589793 0.5854877911108012 1.0 0.0006803833381235625
0.43982297150257105 0.5854877911108012 1.0 0.0006803833381235625
0.5654866776461628 0.5854877911108012 1.0 0.0006803833381235625
0.6911503837897545 0.5854877911108012 1.0 0.0006803833381235625
0.8168140899333463 0.5854877911108012 1.0 0.0006803833381235625
0.9424777960769378 0.5854877911108012 1.0 0.0006803833381235625
1.0681415022205298 0.5854877911108012 1.0 0.0006803833381235625
1.1938052083641213 0.5854877911108012 1.0 0.0006803833381235625
1.3194689145077132 0.5854877911108012 1.0 0.0006803833381235625
1.4451326206513047 0.5854877911108012 1.0 0.0006803833381235625
1.5707963267948966 0.5854877911108012 1.0 0.0006803833381235625
1.6964600329384882 0.5854877911108012 1.0 0.0006803833381235625
1.8221237390820801 0.5854877911108012 1.0 0.0006803833381235625
1.9477874452256716 0.5854877911108012 1.0 0.0006803833381235625
2.0734511513692637 0.5854877911108012 1.0 0.0006803833381235625
2.199114857512855 0.5854877911108012 1.0 0.0006803833381235625
2.324778563656447 0.5854877911108012 1.0 0.0006803833381235625
2.4504422698000385 0.5854877911108012 1.0 0.0006803833381235625
2.57610597594363 0.5854877911108012 1.0 0.0006803833381235625
2.701769682087222 0.5854877911108012 1.0 0.0006803833381235625
2.827433388230814 0.5854877911108012 1.0 0.0006803833381235625
2.9530970943744057 0.5854877911108012 1.0 0.0006803833381235625
3.078760800517997 0.5854877911108012 1.0 0.0006803833381235625
-3.0787608005179976 0.5854877911108012 1.0 0.0006803833381235625
-2.9530970943744053 0.5854877911108012 1.0 0.0006803833381235625
-2.8274333882308142 0.5854877911108012 1.0 0.0006803833381235625
-2.701769682087223 0.5854877911108012 1.0 0.0006803833381235625
-2.576105975943631 0.5854877911108012 1.0 0.0006803833381235625
-2.450442269800039 0.5854877911108012 1.0 0.0006803833381235625
-2.324778563656447 0.5854877911108012 1.0 0.0006803833381235625
-2.1991148575128556 0.5854877911108012 1.0 0.0006803833381235625
-2.0734511513692637 0.5854877911108012 1.0 0.0006803833381235625
-1.9477874452256716 0.5854877911108012 1.0 0.0006803833381235625
-1.8221237390820797 0.5854877911108012 1.0 0.0006803833381235625
-1.6964600329384887 0.5854877911108012 1.0 0.0006803833381235625
-1.5707963267948968 0.5854877911108012 1.0 0.0006803833381235625
-1.4451326206513049 0.5854877911108012 1.0 0.0006803833381235625
-1.319468914507713 0.5854877911108012 1.0 0.0006803833381235625
-1.193805208364122 0.5854877911108012 1.0 0.0006803833381235625
-1.0681415022205292 0.5854877911108012 1.0 0.0006803833381235625
-0.9424777960769382 0.5854877911108012 1.0 0.0006803833381235625
-0.8168140899333473 0.5854877911108012 1.0 0.0006803833381235625
-0.6911503837897544 0.5854877911108012 1.0 0.0006803833381235625
-0.5654866776461633 0.5854877911108012 1.0 0.0006803833381235625
-0.43982297150257144 0.5854877911108012 1.0 0.0006803833381235625
-0.3141592653589795 0.5854877911108012 1.0 0.0006803833381235625
-0.18849555921538763 0.5854877911108012 1.0 0.0006803833381235625
-0.06283185307179576 0.5854877911108012 1.0 0.0006803833381235625
0.06283185307179585 0.4623830630132758 1.0 0.0005490469597583484
0.18849555921538758 0.4623830630132758 1.0 0.0005490469597583484
0.31415926535897926 0.4623830630132758 1.0 0.0005490469597583484
0.439822971502571 0.4623830630132758 1.0 0.0005490469597583484
0.5654866776461628 0.4623830630132758 1.0 0.0005490469597583484
0.6911503837897545 0.4623830630132758 1.0 0.0005490469597583484
0.8168140899333464 0.4623830630132758 1.0 0.0005490469597583484
0.9424777960769377 0.4623830630132758 1.0 0.0005490469597583484
1.0681415022205298 0.4623830630132758 1.0 0.0005490469597583484
1.1938052083641213 0.4623830630132758 1.0 0.0005490469597583484
1.3194689145077132 0.4623830630132758 1.0 0.0005490469597583484
1.4451326206513047 0.4623830630132758 1.0 0.0005490469597583484
1.5707963267948966 0.4623830630132758 1.0 0.0005490469597583484
1.6964600329384882 0.4623830630132758 1.0 0.0005490469597583484
1.8221237390820801 0.4623830630132758 1.0 0.0005490469597583484
1.9477874452256716 0.4623830630132758 1.0 0.0005490469597583484
2.0734511513692637 0.4623830630132758 1.0 0.0005490469597583484
2.199114857512855 0.4623830630132758 1.0 0.0005490469597583484
2.324778563656447 0.4623830630132758 1.0 0.0005490469597583484
2.4504422698000385 0.4623830630132758 1.0 0.0005490469597583484
2.57610597594363 0.4623830630132758 1.0 0.0005490469597583484
2.701769682087222 0.4623830630132758 1.0 0.0005490469597583484
2.827433388230814 0.4623830630132758 1.0 0.0005490469597583484
2.9530970943744057 0.4623830630132758 1.0 0.0005490469597583484
3.078760800517997 0.4623830630132758 1.0 0.0005490469597583484
-3.0787608005179976 0.4623830630132758 1.0 0.0005490469597583484
-2.9530970943744057 0.4623830630132758 1.0 0.0005490469597583484
-2.8274333882308142 0.4623830630132758 1.0 0.0005490469597583484
-2.701769682087223 0.4623830630132758 1.0 0.0005490469597583484
-2.576105975943631 0.4623830630132758 1.0 0.0005490469597583484
-2.4504422698000385 0.4623830630132758 1.0 0.0005490469597583484
-2.324778563656447 0.4623830630132758 1.0 0.0005490469597583484
-2.1991148575128556 0.4623830630132758 1.0 0.0005490469597583484
-2.0734511513692637 0.4623830630132758 1.0 0.0005490469597583484
-1.9477874452256716 0.4623830630132758 1.0 0.0005490469597583484
-1.8221237390820797 0.4623830630132758 1.0 0.0005490469597583484
-1.6964600329384887 0.4623830630132758 1.0 0.0005490469597583484
-1.5707963267948968 0.4623830630132758 1.0 0.0005490469597583484
-1.4451326206513049 0.4623830630132758 1.0 0.0005490469597583484
-1.319468914507713 0.4623830630132758 1.0 0.0005490469597583484
-1.193805208364122 0.4623830630132758 1.0 0.0005490469597583484
-1.0681415022205292 0.4623830630132758 1.0 0.0005490469597583484
-0.9424777960769383 0.4623830630132758 1.0 0.0005490469597583484
-0.8168140899333471 0.4623830630132758 1.0 0.0005490469597583484
-0.6911503837897544 0.4623830630132758 1.0 0.0005490469597583484
-0.5654866776461633 0.4623830630132758 1.0 0.0005490469597583484
-0.43982297150257144 0.4623830630132758 1.0 0.0005490469597583484
-0.31415926535897953 0.4623830630132758 1.0 0.0005490469597583484
-0.18849555921538763 0.4623830630132758 1.0 0.0005490469597583484
-0.06283185307179574 0.4623830630132758 1.0 0.0005490469597583484
0.06283185307179587 0.3393399712563372 1.0 0.00040939156701306047
0.18849555921538755 0.3393399712563372 1.0 0.00040939156701306047
0.3141592653589793 0.3393399712563372 1.0 0.00040939156701306047
0.43982297150257105 0.3393399712563372 1.0 0.00040939156701306047
0.5654866776461629 0.3393399712563372 1.0 0.00040939156701306047
0.6911503837897545 0.3393399712563372 1.0 0.00040939156701306047
0.8168140899333464 0.3393399712563372 1.0 0.00040939156701306047
0.9424777960769378 0.3393399712563372 1.0 0.00040939156701306047
1.0681415022205298 0.3393399712563372 1.0 0.00040939156701306047
1.1938052083641213 0.3393399712563372 1.0 0.00040939156701306047
1.3194689145077132 0.3393399712563372 1.0 0.00040939156701306047
1.4451326206513047 0.3393399712563372 1.0 0.00040939156701306047
1.5707963267948966 0.3393399712563372 1.0 0.00040939156701306047
1.6964600329384882 0.3393399712563372 1.0 0.00040939156701306047
1.8221237390820801 0.3393399712563372 1.0 0.00040939156701306047
1.9477874452256716 0.3393399712563372 1.0 0.00040939156701306047
2.0734511513692637 0.3393399712563372 1.0 0.00040939156701306047
2.199114857512855 0.3393399712563372 1.0 0.00040939156701306047
2.324778563656447 0.3393399712563372 1.0 0.00040939156701306047
2.4504422698000385 0.3393399712563372 1.0 0.00040939156701306047
2.57610597594363 0.3393399712563372 1.0 0.00040939156701306047
2.701769682087222 0.3393399712563372 1.0 0.00040939156701306047
2.827433388230814 0.3393399712563372 1.0 0.00040939156701306047
2.9530970943744057 0.3393399712563372 1.0 0.00040939156701306047
3.078760800517997 0.3393399712563372 1.0 0.00040939156701306047
-3.0787608005179976 0.3393399712563372 1.0 0.00040939156701306047
-2.9530970943744057 0.3393399712563372 1.0 0.00040939156701306047
-2.8274333882308142 0.3393399712563372 1.0 0.00040939156701306047
-2.7017696820872223 0.3393399712563372 1.0 0.00040939156701306047
-2.576105975943631 0.3393399712563372 1.0 0.00040939156701306047
-2.450442269800039 0.3393399712563372 1.0 0.00040939156701306047
-2.324778563656447 0.3393399712563372 1.0 0.00040939156701306047
-2.199114857512855 0.3393399712563372 1.0 0.00040939156701306047
-2.0734511513692637 0.3393399712563372 1.0 0.00040939156701306047
-1.9477874452256716 0.3393399712563372 1.0 0.00040939156701306047
-1.8221237390820797 0.3393399712563372 1.0 0.00040939156701306047
-1.6964600329384887 0.3393399712563372 1.0 0.00040939156701306047
-1.5707963267948968 0.3393399712563372 1.0 0.00040939156701306047
-1.4451326206513049 0.3393399712563372 1.0 0.00040939156701306047
-1.319468914507713 0.3393399712563372 1.0 0.00040939156701306047
-1.193805208364122 0.3393399712563372 1.0 0.00040939156701306047
-1.0681415022205292 0.3393399712563372 1.0 0.00040939156701306047
-0.9424777960769383 0.3393399712563372 1.0 0.00040939156701306047
-0.8168140899333473 0.3393399712563372 1.0 0.00040939156701306047
-0.6911503837897545 0.3393399712563372 1.0 0.00040939156701306047
-0.5654866776461633 0.3393399712563372 1.0 0.00040939156701306047
-0.43982297150257144 0.3393399712563372 1.0 0.00040939156701306047
-0.3141592653589795 0.3393399712563372 1.0 0.00040939156701306047
-0.18849555921538763 0.3393399712563372 1.0 0.00040939156701306047
-0.06283185307179574 0.3393399712563372 1.0 0.00040939156701306047
0.06283185307179587 0.21645974089643386 1.0 0.0002635498661503162
0.18849555921538755 0.21645974089643386 1.0 0.0002635498661503162
0.3141592653589793 0.21645974089643386 1.0 0.0002635498661503162
0.439822971502571 0.21645974089643386 1.0 0.0002635498661503162
0.5654866776461628 0.21645974089643386 1.0 0.0002635498661503162
0.6911503837897545 0.21645974089643386 1.0 0.0002635498661503162
0.8168140899333464 0.21645974089643386 1.0 0.0002635498661503162
0.9424777960769378 0.21645974089643386 1.0 0.0002635498661503162
1.0681415022205298 0.21645974089643386 1.0 0.0002635498661503162
1.1938052083641213 0.21645974089643386 1.0 0.0002635498661503162
1.3194689145077132 0.21645974089643386 1.0 0.0002635498661503162
1.4451326206513047 0.21645974089643386 1.0 0.0002635498661503162
1.5707963267948966 0.21645974089643386 1.0 0.0002635498661503162
1.6964600329384882 0.21645974089643386 1.0 0.0002635498661503162
1.8221237390820801 0.21645974089643386 1.0 0.0002635498661503162
1.9477874452256716 0.21645974089643386 1.0 0.0002635498661503162
2.0734511513692637 0.21645974089643386 1.0 0.0002635498661503162
2.199114857512855 0.21645974089643386 1.0 0.0002635498661503162
2.324778563656447 0.21645974089643386 1.0 0.0002635498661503162
2.4504422698000385 0.21645974089643386 1.0 0.0002635498661503162
2.57610597594363 0.21645974089643386 1.0 0.0002635498661503162
2.701769682087222 0.21645974089643386 1.0 0.0002635498661503162
2.827433388230814 0.21645974089643386 1.0 0.0002635498661503162
2.9530970943744057 0.21645974089643386 1.0 0.0002635498661503162
3.078760800517997 0.21645974089643386 1.0 0.0002635498661503162
-3.0787608005179976 0.21645974089643386 1.0 0.0002635498661503162
-2.9530970943744057 0.21645974089643386 1.0 0.0002635498661503162
-2.8274333882308142 0.21645974089643386 1.0 0.0002635498661503162
-2.701769682087223 0.21645974089643386 1.0 0.0002635498661503162
-2.576105975943631 0.21645974089643386 1.0 0.0002635498661503162
-2.450442269800039 0.21645974089643386 1.0 0.0002635498661503162
-2.324778563656447 0.21645974089643386 1.0 0.0002635498661503162
-2.1991148575128556 0.21645974089643386 1.0 0.0002635498661503162
-2.0734511513692637 0.21645974089643386 1.0 0.0002635498661503162
-1.9477874452256716 0.21645974089643386 1.0 0.0002635498661503162
-1.8221237390820797 0.21645974089643386 1.0 0.0002635498661503162
-1.6964600329384887 0.21645974089643386 1.0 0.0002635498661503162
-1.5707963267948968 0.21645974089643386 1.0 0.0002635498661503162
-1.4451326206513049 0.21645974089643386 1.0 0.0002635498661503162
-1.319468914507713 0.21645974089643386 1.0 0.0002635498661503162
-1.193805208364122 0.21645974089643386 1.0 0.0002635498661503162
-1.0681415022205292 0.21645974089643386 1.0 0.0002635498661503162
-0.9424777960769383 0.21645974089643386 1.0 0.0002635498661503162
-0.8168140899333471 0.21645974089643386 1.0 0.0002635498661503162
-0.6911503837897545 0.21645974089643386 1.0 0.0002635498661503162
-0.5654866776461634 0.21645974089643386 1.0 0.0002635498661503162
-0.43982297150257144 0.21645974089643386 1.0 0.0002635498661503162
-0.31415926535897953 0.21645974089643386 1.0 0.0002635498661503162
-0.18849555921538766 0.21645974089643386 1.0 0.0002635498661503162
-0.06283185307179576 0.21645974089643386 1.0 0.0002635498661503162
0.06283185307179587 0.09430083986305608 1.0 0.00011393798501027467
0.18849555921538758 0.09430083986305608 1.0 0.00011393798501027467
0.3141592653589793 0.09430083986305608 1.0 0.00011393798501027467
0.43982297150257105 0.09430083986305608 1.0 0.00011393798501027467
0.5654866776461628 0.09430083986305608 1.0 0.00011393798501027467
0.6911503837897545 0.09430083986305608 1.0 0.00011393798501027467
0.8168140899333464 0.09430083986305608 1.0 0.00011393798501027467
0.9424777960769378 0.09430083986305608 1.0 0.00011393798501027467
1.0681415022205298 0.09430083986305608 1.0 0.00011393798501027467
1.1938052083641213 0.09430083986305608 1.0 0.00011393798501027467
1.3194689145077132 0.09430083986305608 1.0 0.00011393798501027467
1.4451326206513047 0.09430083986305608 1.0 0.00011393798501027467
1.5707963267948966 0.09430083986305608 1.0 0.00011393798501027467
1.6964600329384882 0.09430083986305608 1.0 0.00011393798501027467
1.8221237390820801 0.09430083986305608 1.0 0.00011393798501027467
1.9477874452256716 0.09430083986305608 1.0 0.00011393798501027467
2.0734511513692637 0.09430083986305608 1.0 0.00011393798501027467
2.199114857512855 0.09430083986305608 1.0 0.00011393798501027467
2.324778563656447 0.09430083986305608 1.0 0.00011393798501027467
2.4504422698000385 0.09430083986305608 1.0 0.00011393798501027467
2.57610597594363 0.09430083986305608 1.0 0.00011393798501027467
2.701769682087222 0.09430083986305608 1.0 0.00011393798501027467
2.827433388230814 0.09430083986305608 1.0 0.00011393798501027467
2.9530970943744057 0.09430083986305608 1.0 0.00011393798501027467
3.078760800517997 0.09430083986305608 1.0 0.00011393798501027467
-3.0787608005179976 0.09430083986305608 1.0 0.00011393798501027467
-2.9530970943744057 0.09430083986305608 1.0 0.00011393798501027467
-2.8274333882308142 0.09430083986305608 1.0 0.00011393798501027467
-2.701769682087223 0.09430083986305608 1.0 0.00011393798501027467
-2.576105975943631 0.09430083986305608 1.0 0.00011393798501027467
-2.450442269800039 0.09430083986305608 1.0 0.00011393798501027467
-2.324778563656447 0.09430083986305608 1.0 0.00011393798501027467
-2.1991148575128556 0.09430083986305608 1.0 0.00011393798501027467
-2.0734511513692637 0.09430083986305608 1.0 0.00011393798501027467
-1.9477874452256716 0.09430083986305608 1.0 0.00011393798501027467
-1.8221237390820797 0.09430083986305608 1.0 0.00011393798501027467
-1.6964600329384887 0.09430083986305608 1.0 0.00011393798501027467
-1.5707963267948968 0.09430083986305608 1.0 0.00011393798501027467
-1.4451326206513049 0.09430083986305608 1.0 0.00011393798501027467
-1.319468914507713 0.09430083986305608 1.0 0.00011393798501027467
-1.193805208364122 0.09430083986305608 1.0 0.00011393798501027467
-1.0681415022205292 0.09430083986305608 1.0 0.00011393798501027467
-0.9424777960769383 0.09430083986305608 1.0 0.00011393798501027467
-0.8168140899333471 0.09430083986305608 1.0 0.00011393798501027467
-0.6911503837897544 0.09430083986305608 1.0 0.00011393798501027467
-0.5654866776461634 0.09430083986305608 1.0 0.00011393798501027467
-0.43982297150257144 0.09430083986305608 1.0 0.00011393798501027467
-0.3141592653589795 0.09430083986305608 1.0 0.00011393798501027467
-0.18849555921538763 0.09430083986305608 1.0 0.00011393798501027467
-0.06283185307179576 0.09430083986305608 1.0 0.00011393798501027467
