0.10471975511965977 2.9864695466150555 1.0 0.0005125540332686458
0.3141592653589793 2.9864695466150555 1.0 0.0005125540332686458
0.5235987755982988 2.9864695466150555 1.0 0.0005125540332686458
0.7330382858376184 2.9864695466150555 1.0 0.0005125540332686458
0.9424777960769379 2.9864695466150555 1.0 0.0005125540332686458
1.1519173063162573 2.9864695466150555 1.0 0.0005125540332686458
1.3613568165555772 2.9864695466150555 1.0 0.0005125540332686458
1.5707963267948963 2.9864695466150555 1.0 0.0005125540332686458
1.7802358370342162 2.9864695466150555 1.0 0.0005125540332686458
1.9896753472735356 2.9864695466150555 1.0 0.0005125540332686458
2.199114857512855 2.9864695466150555 1.0 0.0005125540332686458
2.4085543677521746 2.9864695466150555 1.0 0.0005125540332686458
2.6179938779914944 2.9864695466150555 1.0 0.0005125540332686458
2.827433388230814 2.9864695466150555 1.0 0.0005125540332686458
3.0368728984701336 2.9864695466150555 1.0 0.0005125540332686458
-3.036872898470134 2.9864695466150555 1.0 0.0005125540332686458
-2.8274333882308142 2.9864695466150555 1.0 0.0005125540332686458
-2.617993877991495 2.9864695466150555 1.0 0.0005125540332686458
-2.408554367752175 2.9864695466150555 1.0 0.0005125540332686458
-2.1991148575128556 2.9864695466150555 1.0 0.0005125540332686458
-1.9896753472735365 2.9864695466150555 1.0 0.0005125540332686458
-1.7802358370342166 2.9864695466150555 1.0 0.0005125540332686458
-1.5707963267948968 2.9864695466150555 1.0 0.0005125540332686458
-1.361356816555577 2.9864695466150555 1.0 0.0005125540332686458
-1.151917306316258 2.9864695466150555 1.0 0.0005125540332686458
-0.9424777960769382 2.9864695466150555 1.0 0.0005125540332686458
-0.7330382858376183 2.9864695466150555 1.0 0.0005125540332686458
-0.5235987755982985 2.9864695466150555 1.0 0.0005125540332686458
-0.31415926535897953 2.9864695466150555 1.0 0.0005125540332686458
-0.10471975511965972 2.9864695466150555 1.0 0.0005125540332686458
0.10471975511965977 2.785520823258321 1.0 0.0011727674581351382
0.3141592653589793 2.785520823258321 1.0 0.0011727674581351382
0.5235987755982988 2.785520823258321 1.0 0.0011727674581351382
0.7330382858376184 2.785520823258321 1.0 0.0011727674581351382
0.9424777960769379 2.785520823258321 1.0 0.0011727674581351382
1.1519173063162573 2.785520823258321 1.0 0.0011727674581351382
1.3613568165555772 2.785520823258321 1.0 0.0011727674581351382
1.5707963267948963 2.785520823258321 1.0 0.0011727674581351382
1.7802358370342162 2.785520823258321 1.0 0.0011727674581351382
1.9896753472735356 2.785520823258321 1.0 0.0011727674581351382
2.199114857512855 2.785520823258321 1.0 0.0011727674581351382
2.4085543677521746 2.785520823258321 1.0 0.0011727674581351382
2.6179938779914944 2.785520823258321 1.0 0.0011727674581351382
2.827433388230814 2.785520823258321 1.0 0.0011727674581351382
3.0368728984701336 2.785520823258321 1.0 0.0011727674581351382
-3.036872898470134 2.785520823258321 1.0 0.0011727674581351382
-2.8274333882308142 2.785520823258321 1.0 0.0011727674581351382
-2.617993877991495 2.785520823258321 1.0 0.0011727674581351382
-2.4085543677521746 2.785520823258321 1.0 0.0011727674581351382
-2.1991148575128556 2.785520823258321 1.0 0.0011727674581351382
-1.9896753472735365 2.785520823258321 1.0 0.0011727674581351382
-1.7802358370342166 2.785520823258321 1.0 0.0011727674581351382
-1.5707963267948968 2.785520823258321 1.0 0.0011727674581351382
-1.361356816555577 2.785520823258321 1.0 0.0011727674581351382
-1.151917306316258 2.785520823258321 1.0 0.0011727674581351382
-0.9424777960769383 2.785520823258321 1.0 0.0011727674581351382
-0.7330382858376183 2.785520823258321 1.0 0.0011727674581351382
-0.5235987755982985 2.785520823258321 1.0 0.0011727674581351382
-0.31415926535897953 2.785520823258321 1.0 0.0011727674581351382
-0.10471975511965972 2.785520823258321 1.0 0.0011727674581351382
0.10471975511965978 2.583386442677262 1.0 0.001785987007786202
0.31415926535897926 2.583386442677262 1.0 0.001785987007786202
0.5235987755982987 2.583386442677262 1.0 0.001785987007786202
0.7330382858376184 2.583386442677262 1.0 0.001785987007786202
0.9424777960769379 2.583386442677262 1.0 0.001785987007786202
1.1519173063162573 2.583386442677262 1.0 0.001785987007786202
1.3613568165555772 2.583386442677262 1.0 0.001785987007786202
1.5707963267948963 2.583386442677262 1.0 0.001785987007786202
1.7802358370342162 2.583386442677262 1.0 0.001785987007786202
1.9896753472735356 2.583386442677262 1.0 0.001785987007786202
2.199114857512855 2.583386442677262 1.0 0.001785987007786202
2.4085543677521746 2.583386442677262 0.9999999999999999 0.001785987007786202
2.6179938779914944 2.583386442677262 1.0 0.001785987007786202
2.827433388230814 2.583386442677262 1.0 0.001785987007786202
3.0368728984701336 2.583386442677262 1.0 0.001785987007786202
-3.036872898470134 2.583386442677262 1.0 0.001785987007786202
-2.8274333882308142 2.583386442677262 1.0 0.001785987007786202
-2.617993877991495 2.583386442677262 1.0 0.001785987007786202
-2.408554367752175 2.583386442677262 1.0 0.001785987007786202
-2.1991148575128556 2.583386442677262 1.0 0.001785987007786202
-1.9896753472735365 2.583386442677262 1.0 0.001785987007786202
-1.7802358370342166 2.583386442677262 1.0 0.001785987007786202
-1.5707963267948968 2.583386442677262 1.0 0.001785987007786202
-1.361356816555577 2.583386442677262 1.0 0.001785987007786202
-1.151917306316258 2.583386442677262 1.0 0.001785987007786202
-0.9424777960769382 2.583386442677262 1.0 0.001785987007786202
-0.7330382858376183 2.583386442677262 1.0 0.001785987007786202
-0.5235987755982985 2.583386442677262 1.0 0.001785987007786202
-0.31415926535897953 2.583386442677262 1.0 0.001785987007786202
-0.10471975511965974 2.583386442677262 1.0 0.001785987007786202
0.10471975511965977 2.3809856963008014 1.0 0.0023261779654359057
0.3141592653589793 2.3809856963008014 1.0 0.0023261779654359057
0.5235987755982988 2.3809856963008014 1.0 0.0023261779654359057
0.7330382858376184 2.3809856963008014 1.0 0.0023261779654359057
0.942477796076938 2.3809856963008014 1.0 0.0023261779654359057
1.1519173063162573 2.3809856963008014 1.0 0.0023261779654359057
1.3613568165555772 2.3809856963008014 1.0 0.0023261779654359057
1.5707963267948963 2.3809856963008014 1.0 0.0023261779654359057
1.7802358370342162 2.3809856963008014 1.0 0.0023261779654359057
1.9896753472735356 2.3809856963008014 1.0 0.0023261779654359057
2.199114857512855 2.3809856963008014 1.0 0.0023261779654359057
2.4085543677521746 2.3809856963008014 0.9999999999999999 0.0023261779654359057
2.6179938779914944 2.3809856963008014 1.0 0.0023261779654359057
2.827433388230814 2.3809856963008014 1.0 0.0023261779654359057
3.0368728984701336 2.3809856963008014 1.0 0.0023261779654359057
-3.036872898470134 2.3809856963008014 1.0 0.0023261779654359057
-2.8274333882308142 2.3809856963008014 1.0 0.0023261779654359057
-2.617993877991495 2.3809856963008014 1.0 0.0023261779654359057
-2.408554367752175 2.3809856963008014 1.0 0.0023261779654359057
-2.1991148575128556 2.3809856963008014 1.0 0.0023261779654359057
-1.9896753472735365 2.3809856963008014 0.9999999999999999 0.0023261779654359057
-1.7802358370342166 2.3809856963008014 1.0 0.0023261779654359057
-1.5707963267948968 2.3809856963008014 1.0 0.0023261779654359057
-1.361356816555577 2.3809856963008014 0.9999999999999999 0.0023261779654359057
-1.151917306316258 2.3809856963008014 1.0 0.0023261779654359057
-0.9424777960769382 2.3809856963008014 0.9999999999999999 0.0023261779654359057
-0.7330382858376183 2.3809856963008014 1.0 0.0023261779654359057
-0.5235987755982985 2.3809856963008014 1.0 0.0023261779654359057
-0.3141592653589795 2.3809856963008014 1.0 0.0023261779654359057
-0.10471975511965972 2.3809856963008014 1.0 0.0023261779654359057
0.10471975511965977 2.178485871459645 0.9999999999999999 0.0027711534302832385
0.3141592653589793 2.178485871459645 0.9999999999999999 0.0027711534302832385
0.5235987755982988 2.178485871459645 0.9999999999999999 0.0027711534302832385
0.7330382858376184 2.178485871459645 1.0 0.0027711534302832385
0.942477796076938 2.178485871459645 1.0 0.0027711534302832385
1.1519173063162573 2.178485871459645 1.0 0.0027711534302832385
1.3613568165555772 2.178485871459645 1.0 0.0027711534302832385
1.5707963267948963 2.178485871459645 1.0 0.0027711534302832385
1.7802358370342162 2.178485871459645 1.0 0.0027711534302832385
1.9896753472735356 2.178485871459645 1.0 0.0027711534302832385
2.199114857512855 2.178485871459645 1.0 0.0027711534302832385
2.4085543677521746 2.178485871459645 0.9999999999999999 0.0027711534302832385
2.6179938779914944 2.178485871459645 0.9999999999999999 0.0027711534302832385
2.827433388230814 2.178485871459645 1.0 0.0027711534302832385
3.0368728984701336 2.178485871459645 1.0 0.0027711534302832385
-3.036872898470134 2.178485871459645 1.0 0.0027711534302832385
-2.8274333882308142 2.178485871459645 1.0 0.0027711534302832385
-2.617993877991495 2.178485871459645 1.0 0.0027711534302832385
-2.408554367752175 2.178485871459645 1.0 0.0027711534302832385
-2.199114857512855 2.178485871459645 1.0 0.0027711534302832385
-1.9896753472735365 2.178485871459645 0.9999999999999999 0.0027711534302832385
-1.7802358370342166 2.178485871459645 1.0 0.0027711534302832385
-1.5707963267948968 2.178485871459645 1.0 0.0027711534302832385
-1.361356816555577 2.178485871459645 0.9999999999999999 0.0027711534302832385
-1.151917306316258 2.178485871459645 1.0 0.0027711534302832385
-0.9424777960769382 2.178485871459645 0.9999999999999999 0.0027711534302832385
-0.7330382858376183 2.178485871459645 0.9999999999999999 0.0027711534302832385
-0.5235987755982985 2.178485871459645 0.9999999999999999 0.0027711534302832385
-0.31415926535897953 2.178485871459645 1.0 0.0027711534302832385
-0.10471975511965972 2.178485871459645 0.9999999999999999 0.0027711534302832385
0.10471975511965975 1.975940587986763 1.0 0.003102683333592708
0.3141592653589793 1.975940587986763 0.9999999999999999 0.003102683333592708
0.5235987755982988 1.975940587986763 1.0 0.003102683333592708
0.7330382858376184 1.975940587986763 1.0 0.003102683333592708
0.9424777960769379 1.975940587986763 1.0 0.003102683333592708
1.1519173063162573 1.975940587986763 1.0 0.003102683333592708
1.3613568165555772 1.975940587986763 1.0 0.003102683333592708
1.5707963267948963 1.975940587986763 1.0 0.003102683333592708
1.7802358370342162 1.975940587986763 1.0 0.003102683333592708
1.9896753472735356 1.975940587986763 1.0 0.003102683333592708
2.199114857512855 1.975940587986763 0.9999999999999999 0.003102683333592708
2.4085543677521746 1.975940587986763 0.9999999999999999 0.003102683333592708
2.6179938779914944 1.975940587986763 1.0 0.003102683333592708
2.827433388230814 1.975940587986763 1.0 0.003102683333592708
3.0368728984701336 1.975940587986763 1.0 0.003102683333592708
-3.036872898470134 1.975940587986763 1.0 0.003102683333592708
-2.8274333882308142 1.975940587986763 1.0 0.003102683333592708
-2.617993877991495 1.975940587986763 1.0 0.003102683333592708
-2.4085543677521746 1.975940587986763 1.0 0.003102683333592708
-2.1991148575128556 1.975940587986763 1.0 0.003102683333592708
-1.9896753472735365 1.975940587986763 0.9999999999999999 0.003102683333592708
-1.7802358370342166 1.975940587986763 1.0 0.003102683333592708
-1.5707963267948968 1.975940587986763 1.0 0.003102683333592708
-1.361356816555577 1.975940587986763 1.0 0.003102683333592708
-1.151917306316258 1.975940587986763 1.0 0.003102683333592708
-0.9424777960769382 1.975940587986763 1.0 0.003102683333592708
-0.7330382858376183 1.975940587986763 1.0 0.003102683333592708
-0.5235987755982985 1.975940587986763 1.0 0.003102683333592708
-0.3141592653589795 1.975940587986763 1.0 0.003102683333592708
-0.10471975511965971 1.975940587986763 1.0 0.003102683333592708
0.10471975511965977 1.7733731165974413 1.0 0.0033071914221185312
0.3141592653589793 1.7733731165974416 0.9999999999999999 0.0033071914221185312
0.5235987755982988 1.7733731165974413 1.0 0.0033071914221185312
0.7330382858376184 1.7733731165974413 1.0 0.0033071914221185312
0.9424777960769379 1.7733731165974413 1.0 0.0033071914221185312
1.1519173063162573 1.7733731165974413 1.0 0.0033071914221185312
1.3613568165555772 1.7733731165974416 0.9999999999999999 0.0033071914221185312
1.5707963267948963 1.7733731165974413 1.0 0.0033071914221185312
1.7802358370342162 1.7733731165974413 1.0 0.0033071914221185312
1.9896753472735356 1.7733731165974413 1.0 0.0033071914221185312
2.199114857512855 1.7733731165974416 0.9999999999999999 0.0033071914221185312
2.4085543677521746 1.7733731165974416 0.9999999999999999 0.0033071914221185312
2.6179938779914944 1.7733731165974413 1.0 0.0033071914221185312
2.827433388230814 1.7733731165974413 1.0 0.0033071914221185312
3.0368728984701336 1.7733731165974413 1.0 0.0033071914221185312
-3.036872898470134 1.7733731165974413 1.0 0.0033071914221185312
-2.8274333882308142 1.7733731165974413 1.0 0.0033071914221185312
-2.617993877991495 1.7733731165974413 1.0 0.0033071914221185312
-2.4085543677521746 1.7733731165974413 1.0 0.0033071914221185312
-2.1991148575128556 1.7733731165974416 0.9999999999999999 0.0033071914221185312
-1.9896753472735365 1.7733731165974416 0.9999999999999999 0.0033071914221185312
-1.7802358370342166 1.7733731165974416 0.9999999999999999 0.0033071914221185312
-1.5707963267948968 1.7733731165974413 1.0 0.0033071914221185312
-1.361356816555577 1.7733731165974416 0.9999999999999999 0.0033071914221185312
-1.151917306316258 1.7733731165974413 1.0 0.0033071914221185312
-0.9424777960769383 1.7733731165974416 0.9999999999999999 0.0033071914221185312
-0.7330382858376184 1.7733731165974416 0.9999999999999999 0.0033071914221185312
-0.5235987755982985 1.7733731165974413 1.0 0.0033071914221185312
-0.31415926535897953 1.7733731165974413 1.0 0.0033071914221185312
-0.10471975511965972 1.7733731165974416 0.9999999999999999 0.0033071914221185312
0.10471975511965977 1.5707963267948966 0.9999999999999999 0.0033763040320926928
0.3141592653589793 1.5707963267948966 0.9999999999999999 0.0033763040320926928
0.5235987755982988 1.5707963267948966 1.0 0.0033763040320926928
0.7330382858376184 1.5707963267948966 1.0 0.0033763040320926928
0.9424777960769379 1.5707963267948966 1.0 0.0033763040320926928
1.1519173063162573 1.5707963267948966 1.0 0.0033763040320926928
1.3613568165555772 1.5707963267948966 1.0 0.0033763040320926928
1.5707963267948963 1.5707963267948966 1.0 0.0033763040320926928
1.7802358370342162 1.5707963267948966 1.0 0.0033763040320926928
1.9896753472735356 1.5707963267948966 1.0 0.0033763040320926928
2.199114857512855 1.5707963267948966 0.9999999999999999 0.0033763040320926928
2.4085543677521746 1.5707963267948966 0.9999999999999999 0.0033763040320926928
2.6179938779914944 1.5707963267948966 1.0 0.0033763040320926928
2.827433388230814 1.5707963267948966 1.0 0.0033763040320926928
3.0368728984701336 1.5707963267948966 1.0 0.0033763040320926928
-3.036872898470134 1.5707963267948966 1.0 0.0033763040320926928
-2.8274333882308142 1.5707963267948966 1.0 0.0033763040320926928
-2.617993877991495 1.5707963267948966 1.0 0.0033763040320926928
-2.408554367752175 1.5707963267948966 1.0 0.0033763040320926928
-2.1991148575128556 1.5707963267948966 1.0 0.0033763040320926928
-1.9896753472735365 1.5707963267948966 0.9999999999999999 0.0033763040320926928
-1.7802358370342166 1.5707963267948966 1.0 0.0033763040320926928
-1.5707963267948968 1.5707963267948966 1.0 0.0033763040320926928
-1.361356816555577 1.5707963267948966 1.0 0.0033763040320926928
-1.151917306316258 1.5707963267948966 1.0 0.0033763040320926928
-0.9424777960769383 1.5707963267948966 1.0 0.0033763040320926928
-0.7330382858376183 1.5707963267948966 0.9999999999999999 0.0033763040320926928
-0.5235987755982985 1.5707963267948966 1.0 0.0033763040320926928
-0.31415926535897953 1.5707963267948966 1.0 0.0033763040320926928
-0.10471975511965972 1.5707963267948966 0.9999999999999999 0.0033763040320926928
0.10471975511965977 1.3682195369923518 1.0 0.0033071914221185312
0.3141592653589793 1.3682195369923518 0.9999999999999999 0.0033071914221185312
0.5235987755982988 1.3682195369923518 1.0 0.0033071914221185312
0.7330382858376184 1.3682195369923518 1.0 0.0033071914221185312
0.9424777960769379 1.3682195369923518 1.0 0.0033071914221185312
1.1519173063162573 1.3682195369923518 1.0 0.0033071914221185312
1.3613568165555772 1.3682195369923518 0.9999999999999999 0.0033071914221185312
1.5707963267948963 1.3682195369923518 1.0 0.0033071914221185312
1.7802358370342162 1.3682195369923518 1.0 0.0033071914221185312
1.9896753472735356 1.3682195369923518 1.0 0.0033071914221185312
2.199114857512855 1.3682195369923518 0.9999999999999999 0.0033071914221185312
2.4085543677521746 1.3682195369923518 0.9999999999999999 0.0033071914221185312
2.6179938779914944 1.3682195369923518 1.0 0.0033071914221185312
2.827433388230814 1.3682195369923518 1.0 0.0033071914221185312
3.0368728984701336 1.3682195369923518 1.0 0.0033071914221185312
-3.036872898470134 1.3682195369923518 1.0 0.0033071914221185312
-2.8274333882308142 1.3682195369923518 1.0 0.0033071914221185312
-2.617993877991495 1.3682195369923518 1.0 0.0033071914221185312
-2.4085543677521746 1.3682195369923518 1.0 0.0033071914221185312
-2.1991148575128556 1.3682195369923518 0.9999999999999999 0.0033071914221185312
-1.9896753472735365 1.3682195369923518 0.9999999999999999 0.0033071914221185312
-1.7802358370342166 1.3682195369923518 0.9999999999999999 0.0033071914221185312
-1.5707963267948968 1.3682195369923518 1.0 0.0033071914221185312
-1.361356816555577 1.3682195369923518 0.9999999999999999 0.0033071914221185312
-1.151917306316258 1.3682195369923518 1.0 0.0033071914221185312
-0.9424777960769383 1.3682195369923518 0.9999999999999999 0.0033071914221185312
-0.7330382858376184 1.3682195369923518 0.9999999999999999 0.0033071914221185312
-0.5235987755982985 1.3682195369923518 1.0 0.0033071914221185312
-0.31415926535897953 1.3682195369923518 1.0 0.0033071914221185312
-0.10471975511965972 1.3682195369923518 0.9999999999999999 0.0033071914221185312
0.10471975511965975 1.16565206560303 1.0 0.003102683333592708
0.3141592653589793 1.16565206560303 0.9999999999999999 0.003102683333592708
0.5235987755982988 1.16565206560303 1.0 0.003102683333592708
0.7330382858376184 1.16565206560303 1.0 0.003102683333592708
0.9424777960769379 1.16565206560303 1.0 0.003102683333592708
1.1519173063162573 1.16565206560303 1.0 0.003102683333592708
1.3613568165555772 1.16565206560303 1.0 0.003102683333592708
1.5707963267948963 1.16565206560303 1.0 0.003102683333592708
1.7802358370342162 1.16565206560303 1.0 0.003102683333592708
1.9896753472735356 1.16565206560303 1.0 0.003102683333592708
2.199114857512855 1.16565206560303 0.9999999999999999 0.003102683333592708
2.4085543677521746 1.16565206560303 0.9999999999999999 0.003102683333592708
2.6179938779914944 1.16565206560303 1.0 0.003102683333592708
2.827433388230814 1.16565206560303 1.0 0.003102683333592708
3.0368728984701336 1.16565206560303 1.0 0.003102683333592708
-3.036872898470134 1.16565206560303 1.0 0.003102683333592708
-2.8274333882308142 1.16565206560303 1.0 0.003102683333592708
-2.617993877991495 1.16565206560303 1.0 0.003102683333592708
-2.4085543677521746 1.16565206560303 1.0 0.003102683333592708
-2.1991148575128556 1.16565206560303 1.0 0.003102683333592708
-1.9896753472735365 1.16565206560303 0.9999999999999999 0.003102683333592708
-1.7802358370342166 1.16565206560303 1.0 0.003102683333592708
-1.5707963267948968 1.16565206560303 1.0 0.003102683333592708
-1.361356816555577 1.16565206560303 1.0 0.003102683333592708
-1.151917306316258 1.16565206560303 1.0 0.003102683333592708
-0.9424777960769382 1.16565206560303 1.0 0.003102683333592708
-0.7330382858376183 1.16565206560303 1.0 0.003102683333592708
-0.5235987755982985 1.16565206560303 1.0 0.003102683333592708
-0.3141592653589795 1.16565206560303 1.0 0.003102683333592708
-0.10471975511965971 1.16565206560303 1.0 0.003102683333592708
0.10471975511965977 0.9631067821301481 0.9999999999999999 0.0027711534302832385
0.3141592653589793 0.9631067821301481 0.9999999999999999 0.0027711534302832385
0.5235987755982988 0.9631067821301481 0.9999999999999999 0.0027711534302832385
0.7330382858376184 0.9631067821301482 1.0 0.0027711534302832385
0.942477796076938 0.9631067821301482 1.0 0.0027711534302832385
1.1519173063162573 0.9631067821301482 1.0 0.0027711534302832385
1.3613568165555772 0.9631067821301482 1.0 0.0027711534302832385
1.5707963267948963 0.9631067821301482 1.0 0.0027711534302832385
1.7802358370342162 0.9631067821301482 1.0 0.0027711534302832385
1.9896753472735356 0.9631067821301482 1.0 0.0027711534302832385
2.199114857512855 0.9631067821301482 1.0 0.0027711534302832385
2.4085543677521746 0.9631067821301481 0.9999999999999999 0.0027711534302832385
2.6179938779914944 0.9631067821301481 0.9999999999999999 0.0027711534302832385
2.827433388230814 0.9631067821301482 1.0 0.0027711534302832385
3.0368728984701336 0.9631067821301482 1.0 0.0027711534302832385
-3.036872898470134 0.9631067821301482 1.0 0.0027711534302832385
-2.8274333882308142 0.9631067821301482 1.0 0.0027711534302832385
-2.617993877991495 0.9631067821301482 1.0 0.0027711534302832385
-2.408554367752175 0.9631067821301482 1.0 0.0027711534302832385
-2.199114857512855 0.9631067821301482 1.0 0.0027711534302832385
-1.9896753472735365 0.9631067821301481 0.9999999999999999 0.0027711534302832385
-1.7802358370342166 0.9631067821301482 1.0 0.0027711534302832385
-1.5707963267948968 0.9631067821301482 1.0 0.0027711534302832385
-1.361356816555577 0.9631067821301481 0.9999999999999999 0.0027711534302832385
-1.151917306316258 0.9631067821301482 1.0 0.0027711534302832385
-0.9424777960769382 0.9631067821301481 0.9999999999999999 0.0027711534302832385
-0.7330382858376183 0.9631067821301481 0.9999999999999999 0.0027711534302832385
-0.5235987755982985 0.9631067821301481 0.9999999999999999 0.0027711534302832385
-0.31415926535897953 0.9631067821301482 1.0 0.0027711534302832385
-0.10471975511965972 0.9631067821301481 0.9999999999999999 0.0027711534302832385
0.10471975511965977 0.7606069572889919 1.0 0.0023261779654359057
0.3141592653589793 0.7606069572889919 1.0 0.0023261779654359057
0.5235987755982988 0.7606069572889919 1.0 0.0023261779654359057
0.7330382858376184 0.7606069572889919 1.0 0.0023261779654359057
0.942477796076938 0.7606069572889919 1.0 0.0023261779654359057
1.1519173063162573 0.7606069572889919 1.0 0.0023261779654359057
1.3613568165555772 0.7606069572889919 1.0 0.0023261779654359057
1.5707963267948963 0.7606069572889919 1.0 0.0023261779654359057
1.7802358370342162 0.7606069572889919 1.0 0.0023261779654359057
1.9896753472735356 0.7606069572889919 1.0 0.0023261779654359057
2.199114857512855 0.7606069572889919 1.0 0.0023261779654359057
2.4085543677521746 0.7606069572889916 0.9999999999999999 0.0023261779654359057
2.6179938779914944 0.7606069572889919 1.0 0.0023261779654359057
2.827433388230814 0.7606069572889919 1.0 0.0023261779654359057
3.0368728984701336 0.7606069572889919 1.0 0.0023261779654359057
-3.036872898470134 0.7606069572889919 1.0 0.0023261779654359057
-2.8274333882308142 0.7606069572889919 1.0 0.0023261779654359057
-2.617993877991495 0.7606069572889919 1.0 0.0023261779654359057
-2.408554367752175 0.7606069572889919 1.0 0.0023261779654359057
-2.1991148575128556 0.7606069572889919 1.0 0.0023261779654359057
-1.9896753472735365 0.7606069572889916 0.9999999999999999 0.0023261779654359057
-1.7802358370342166 0.7606069572889919 1.0 0.0023261779654359057
-1.5707963267948968 0.7606069572889919 1.0 0.0023261779654359057
-1.361356816555577 0.7606069572889916 0.9999999999999999 0.0023261779654359057
-1.151917306316258 0.7606069572889919 1.0 0.0023261779654359057
-0.9424777960769382 0.7606069572889916 0.9999999999999999 0.0023261779654359057
-0.7330382858376183 0.7606069572889919 1.0 0.0023261779654359057
-0.5235987755982985 0.7606069572889919 1.0 0.0023261779654359057
-0.3141592653589795 0.7606069572889919 1.0 0.0023261779654359057
-0.10471975511965972 0.7606069572889919 1.0 0.0023261779654359057
0.10471975511965978 0.5582062109125313 1.0 0.001785987007786202
0.31415926535897926 0.5582062109125313 1.0 0.001785987007786202
0.5235987755982987 0.5582062109125313 1.0 0.001785987007786202
0.7330382858376184 0.5582062109125313 1.0 0.001785987007786202
0.9424777960769379 0.5582062109125313 1.0 0.001785987007786202
1.1519173063162573 0.5582062109125313 1.0 0.001785987007786202
1.3613568165555772 0.5582062109125313 1.0 0.001785987007786202
1.5707963267948963 0.5582062109125313 1.0 0.001785987007786202
1.7802358370342162 0.5582062109125313 1.0 0.001785987007786202
1.9896753472735356 0.5582062109125313 1.0 0.001785987007786202
2.199114857512855 0.5582062109125313 1.0 0.001785987007786202
2.4085543677521746 0.5582062109125312 0.9999999999999999 0.001785987007786202
2.6179938779914944 0.5582062109125313 1.0 0.001785987007786202
2.827433388230814 0.5582062109125313 1.0 0.001785987007786202
3.0368728984701336 0.5582062109125313 1.0 0.001785987007786202
-3.036872898470134 0.5582062109125313 1.0 0.001785987007786202
-2.8274333882308142 0.5582062109125313 1.0 0.001785987007786202
-2.617993877991495 0.5582062109125313 1.0 0.001785987007786202
-2.408554367752175 0.5582062109125313 1.0 0.001785987007786202
-2.1991148575128556 0.5582062109125313 1.0 0.001785987007786202
-1.9896753472735365 0.5582062109125313 1.0 0.001785987007786202
-1.7802358370342166 0.5582062109125313 1.0 0.001785987007786202
-1.5707963267948968 0.5582062109125313 1.0 0.001785987007786202
-1.361356816555577 0.5582062109125313 1.0 0.001785987007786202
-1.151917306316258 0.5582062109125313 1.0 0.001785987007786202
-0.9424777960769382 0.5582062109125313 1.0 0.001785987007786202
-0.7330382858376183 0.5582062109125313 1.0 0.001785987007786202
-0.5235987755982985 0.5582062109125313 1.0 0.001785987007786202
-0.31415926535897953 0.5582062109125313 1.0 0.001785987007786202
-0.10471975511965974 0.5582062109125313 1.0 0.001785987007786202
0.10471975511965977 0.3560718303314724 1.0 0.0011727674581351382
0.3141592653589793 0.3560718303314724 1.0 0.0011727674581351382
0.5235987755982988 0.3560718303314724 1.0 0.0011727674581351382
0.7330382858376184 0.3560718303314724 1.0 0.0011727674581351382
0.9424777960769379 0.3560718303314724 1.0 0.0011727674581351382
1.1519173063162573 0.3560718303314724 1.0 0.0011727674581351382
1.3613568165555772 0.3560718303314724 1.0 0.0011727674581351382
1.5707963267948963 0.3560718303314724 1.0 0.0011727674581351382
1.7802358370342162 0.3560718303314724 1.0 0.0011727674581351382
1.9896753472735356 0.3560718303314724 1.0 0.0011727674581351382
2.199114857512855 0.3560718303314724 1.0 0.0011727674581351382
2.4085543677521746 0.3560718303314724 1.0 0.0011727674581351382
2.6179938779914944 0.3560718303314724 1.0 0.0011727674581351382
2.827433388230814 0.3560718303314724 1.0 0.0011727674581351382
3.0368728984701336 0.3560718303314724 1.0 0.0011727674581351382
-3.036872898470134 0.3560718303314724 1.0 0.0011727674581351382
-2.8274333882308142 0.3560718303314724 1.0 0.0011727674581351382
-2.617993877991495 0.3560718303314724 1.0 0.0011727674581351382
-2.4085543677521746 0.3560718303314724 1.0 0.0011727674581351382
-2.1991148575128556 0.3560718303314724 1.0 0.0011727674581351382
-1.9896753472735365 0.3560718303314724 1.0 0.0011727674581351382
-1.7802358370342166 0.3560718303314724 1.0 0.0011727674581351382
-1.5707963267948968 0.3560718303314724 1.0 0.0011727674581351382
-1.361356816555577 0.3560718303314724 1.0 0.0011727674581351382
-1.151917306316258 0.3560718303314724 1.0 0.0011727674581351382
-0.9424777960769383 0.3560718303314724 1.0 0.0011727674581351382
-0.7330382858376183 0.3560718303314724 1.0 0.0011727674581351382
-0.5235987755982985 0.3560718303314724 1.0 0.0011727674581351382
-0.31415926535897953 0.3560718303314724 1.0 0.0011727674581351382
-0.10471975511965972 0.3560718303314724 1.0 0.0011727674581351382
0.10471975511965977 0.15512310697473783 1.0 0.0005125540332686458
0.3141592653589793 0.15512310697473783 1.0 0.0005125540332686458
0.5235987755982988 0.15512310697473783 1.0 0.0005125540332686458
0.7330382858376184 0.15512310697473783 1.0 0.0005125540332686458
0.9424777960769379 0.15512310697473783 1.0 0.0005125540332686458
1.1519173063162573 0.15512310697473783 1.0 0.0005125540332686458
1.3613568165555772 0.15512310697473783 1.0 0.0005125540332686458
1.5707963267948963 0.15512310697473783 1.0 0.0005125540332686458
1.7802358370342162 0.15512310697473783 1.0 0.0005125540332686458
1.9896753472735356 0.15512310697473783 1.0 0.0005125540332686458
2.199114857512855 0.15512310697473783 1.0 0.0005125540332686458
2.4085543677521746 0.15512310697473783 1.0 0.0005125540332686458
2.6179938779914944 0.15512310697473783 1.0 0.0005125540332686458
2.827433388230814 0.15512310697473783 1.0 0.0005125540332686458
3.0368728984701336 0.15512310697473783 1.0 0.0005125540332686458
-3.036872898470134 0.15512310697473783 1.0 0.0005125540332686458
-2.8274333882308142 0.15512310697473783 1.0 0.0005125540332686458
-2.617993877991495 0.15512310697473783 1.0 0.0005125540332686458
-2.408554367752175 0.15512310697473783 1.0 0.0005125540332686458
-2.1991148575128556 0.15512310697473783 1.0 0.0005125540332686458
-1.9896753472735365 0.15512310697473783 1.0 0.0005125540332686458
-1.7802358370342166 0.15512310697473783 1.0 0.0005125540332686458
-1.5707963267948968 0.15512310697473783 1.0 0.0005125540332686458
-1.361356816555577 0.15512310697473783 1.0 0.0005125540332686458
-1.151917306316258 0.15512310697473783 1.0 0.0005125540332686458
-0.9424777960769382 0.15512310697473783 1.0 0.0005125540332686458
-0.7330382858376183 0.15512310697473783 1.0 0.0005125540332686458
-0.5235987755982985 0.15512310697473783 1.0 0.0005125540332686458
-0.31415926535897953 0.15512310697473783 1.0 0.0005125540332686458
-0.10471975511965972 0.15512310697473783 1.0 0.0005125540332686458
