0.15707963267948966 2.9126483547427675 1.0 0.0016667836077172019
0.47123889803846897 2.9126483547427675 1.0 0.0016667836077172019
0.7853981633974482 2.9126483547427675 1.0 0.0016667836077172019
1.0995574287564276 2.9126483547427675 1.0 0.0016667836077172019
1.413716694115407 2.9126483547427675 1.0 0.0016667836077172019
1.727875959474386 2.9126483547427675 1.0 0.0016667836077172019
2.0420352248333655 2.9126483547427675 1.0 0.0016667836077172019
2.356194490192345 2.9126483547427675 1.0 0.0016667836077172019
2.670353755551324 2.9126483547427675 1.0 0.0016667836077172019
2.9845130209103035 2.9126483547427675 1.0 0.0016667836077172019
-2.984513020910304 2.9126483547427675 1.0 0.0016667836077172019
-2.670353755551324 2.9126483547427675 1.0 0.0016667836077172019
-2.3561944901923453 2.9126483547427675 1.0 0.0016667836077172019
-2.0420352248333655 2.9126483547427675 1.0 0.0016667836077172019
-1.7278759594743864 2.9126483547427675 1.0 0.0016667836077172019
-1.4137166941154071 2.9126483547427675 1.0 0.0016667836077172019
-1.0995574287564278 2.9126483547427675 1.0 0.0016667836077172019
-0.7853981633974486 2.9126483547427675 1.0 0.0016667836077172019
-0.47123889803846913 2.9126483547427675 1.0 0.0016667836077172019
-0.15707963267948993 2.9126483547427675 1.0 0.0016667836077172019
0.15707963267948968 2.616072998061293 1.0 0.00373628372876451
0.4712388980384689 2.616072998061293 1.0 0.00373628372876451
0.7853981633974483 2.616072998061293 1.0 0.00373628372876451
1.0995574287564276 2.616072998061293 1.0 0.00373628372876451
1.413716694115407 2.616072998061293 1.0 0.00373628372876451
1.727875959474386 2.616072998061293 1.0 0.00373628372876451
2.0420352248333655 2.616072998061293 1.0 0.00373628372876451
2.356194490192345 2.616072998061293 1.0 0.00373628372876451
2.670353755551324 2.616072998061293 1.0 0.00373628372876451
2.9845130209103035 2.616072998061293 1.0 0.00373628372876451
-2.984513020910304 2.616072998061293 1.0 0.00373628372876451
-2.670353755551324 2.616072998061293 1.0 0.00373628372876451
-2.3561944901923453 2.616072998061293 1.0 0.00373628372876451
-2.0420352248333655 2.616072998061293 1.0 0.00373628372876451
-1.7278759594743864 2.616072998061293 1.0 0.00373628372876451
-1.4137166941154071 2.616072998061293 1.0 0.00373628372876451
-1.0995574287564278 2.616072998061293 1.0 0.00373628372876451
-0.7853981633974485 2.616072998061293 1.0 0.00373628372876451
-0.4712388980384692 2.616072998061293 1.0 0.00373628372876451
-0.15707963267948993 2.616072998061293 1.0 0.00373628372876451
0.15707963267948966 2.3177539945900376 1.0 0.00547715906289955
0.47123889803846897 2.3177539945900376 1.0 0.00547715906289955
0.7853981633974483 2.3177539945900376 1.0 0.00547715906289955
1.0995574287564276 2.3177539945900376 1.0 0.00547715906289955
1.413716694115407 2.3177539945900376 1.0 0.00547715906289955
1.727875959474386 2.3177539945900376 1.0 0.00547715906289955
2.0420352248333655 2.3177539945900376 0.9999999999999999 0.00547715906289955
2.356194490192345 2.3177539945900376 1.0 0.00547715906289955
2.670353755551324 2.3177539945900376 1.0 0.00547715906289955
2.9845130209103035 2.3177539945900376 1.0 0.00547715906289955
-2.984513020910304 2.3177539945900376 1.0 0.00547715906289955
-2.670353755551324 2.3177539945900376 0.9999999999999999 0.00547715906289955
-2.356194490192345 2.3177539945900376 1.0 0.00547715906289955
-2.0420352248333655 2.3177539945900376 1.0 0.00547715906289955
-1.7278759594743864 2.3177539945900376 1.0 0.00547715906289955
-1.4137166941154071 2.3177539945900376 1.0 0.00547715906289955
-1.0995574287564278 2.3177539945900376 1.0 0.00547715906289955
-0.7853981633974485 2.3177539945900376 1.0 0.00547715906289955
-0.4712388980384692 2.3177539945900376 1.0 0.00547715906289955
-0.1570796326794899 2.3177539945900376 1.0 0.00547715906289955
0.15707963267948968 2.0190533259580836 1.0 0.006731667982749915
0.4712388980384689 2.0190533259580836 1.0 0.006731667982749915
0.7853981633974482 2.0190533259580836 1.0 0.006731667982749915
1.0995574287564276 2.0190533259580836 1.0 0.006731667982749915
1.413716694115407 2.0190533259580836 1.0 0.006731667982749915
1.727875959474386 2.0190533259580836 1.0 0.006731667982749915
2.0420352248333655 2.0190533259580836 1.0 0.006731667982749915
2.356194490192345 2.0190533259580836 1.0 0.006731667982749915
2.670353755551324 2.0190533259580836 1.0 0.006731667982749915
2.9845130209103035 2.0190533259580836 1.0 0.006731667982749915
-2.984513020910304 2.0190533259580836 1.0 0.006731667982749915
-2.6703537555513246 2.0190533259580836 1.0 0.006731667982749915
-2.3561944901923453 2.0190533259580836 1.0 0.006731667982749915
-2.0420352248333655 2.0190533259580836 1.0 0.006731667982749915
-1.7278759594743864 2.0190533259580836 1.0 0.006731667982749915
-1.4137166941154071 2.0190533259580836 1.0 0.006731667982749915
-1.0995574287564278 2.0190533259580836 1.0 0.006731667982749915
-0.7853981633974486 2.0190533259580836 1.0 0.006731667982749915
-0.4712388980384692 2.0190533259580836 1.0 0.006731667982749915
-0.15707963267948993 2.0190533259580836 1.0 0.006731667982749915
0.15707963267948966 1.7202261551502682 1.0 0.007388105617868825
0.4712388980384689 1.7202261551502682 1.0 0.007388105617868825
0.7853981633974483 1.7202261551502682 1.0 0.007388105617868825
1.0995574287564276 1.7202261551502682 1.0 0.007388105617868825
1.413716694115407 1.7202261551502682 1.0 0.007388105617868825
1.727875959474386 1.7202261551502682 1.0 0.007388105617868825
2.0420352248333655 1.7202261551502682 1.0 0.007388105617868825
2.356194490192345 1.7202261551502682 1.0 0.007388105617868825
2.670353755551324 1.7202261551502682 1.0 0.007388105617868825
2.9845130209103035 1.7202261551502682 1.0 0.007388105617868825
-2.984513020910304 1.7202261551502682 1.0 0.007388105617868825
-2.6703537555513246 1.7202261551502682 1.0 0.007388105617868825
-2.3561944901923453 1.7202261551502682 1.0 0.007388105617868825
-2.0420352248333655 1.7202261551502682 1.0 0.007388105617868825
-1.7278759594743864 1.7202261551502682 1.0 0.007388105617868825
-1.4137166941154071 1.7202261551502682 1.0 0.007388105617868825
-1.0995574287564278 1.7202261551502682 1.0 0.007388105617868825
-0.7853981633974485 1.7202261551502682 1.0 0.007388105617868825
-0.4712388980384692 1.7202261551502682 1.0 0.007388105617868825
-0.1570796326794899 1.7202261551502682 1.0 0.007388105617868825
0.15707963267948966 1.421366498439525 1.0 0.007388105617868825
0.4712388980384689 1.421366498439525 1.0 0.007388105617868825
0.7853981633974483 1.421366498439525 1.0 0.007388105617868825
1.0995574287564276 1.421366498439525 1.0 0.007388105617868825
1.413716694115407 1.421366498439525 1.0 0.007388105617868825
1.727875959474386 1.421366498439525 1.0 0.007388105617868825
2.0420352248333655 1.421366498439525 1.0 0.007388105617868825
2.356194490192345 1.421366498439525 1.0 0.007388105617868825
2.670353755551324 1.421366498439525 1.0 0.007388105617868825
2.9845130209103035 1.421366498439525 1.0 0.007388105617868825
-2.984513020910304 1.421366498439525 1.0 0.007388105617868825
-2.6703537555513246 1.421366498439525 1.0 0.007388105617868825
-2.3561944901923453 1.421366498439525 1.0 0.007388105617868825
-2.0420352248333655 1.421366498439525 1.0 0.007388105617868825
-1.7278759594743864 1.421366498439525 1.0 0.007388105617868825
-1.4137166941154071 1.421366498439525 1.0 0.007388105617868825
-1.0995574287564278 1.421366498439525 1.0 0.007388105617868825
-0.7853981633974485 1.421366498439525 1.0 0.007388105617868825
-0.4712388980384692 1.421366498439525 1.0 0.007388105617868825
-0.1570796326794899 1.421366498439525 1.0 0.007388105617868825
0.15707963267948968 1.1225393276317095 1.0 0.006731667982749915
0.4712388980384689 1.1225393276317095 1.0 0.006731667982749915
0.7853981633974482 1.1225393276317095 1.0 0.006731667982749915
1.0995574287564276 1.1225393276317095 1.0 0.006731667982749915
1.413716694115407 1.1225393276317095 1.0 0.006731667982749915
1.727875959474386 1.1225393276317095 1.0 0.006731667982749915
2.0420352248333655 1.1225393276317095 1.0 0.006731667982749915
2.356194490192345 1.1225393276317095 1.0 0.006731667982749915
2.670353755551324 1.1225393276317095 1.0 0.006731667982749915
2.9845130209103035 1.1225393276317095 1.0 0.006731667982749915
-2.984513020910304 1.1225393276317095 1.0 0.006731667982749915
-2.6703537555513246 1.1225393276317095 1.0 0.006731667982749915
-2.3561944901923453 1.1225393276317095 1.0 0.006731667982749915
-2.0420352248333655 1.1225393276317095 1.0 0.006731667982749915
-1.7278759594743864 1.1225393276317095 1.0 0.006731667982749915
-1.4137166941154071 1.1225393276317095 1.0 0.006731667982749915
-1.0995574287564278 1.1225393276317095 1.0 0.006731667982749915
-0.7853981633974486 1.1225393276317095 1.0 0.006731667982749915
-0.4712388980384692 1.1225393276317095 1.0 0.006731667982749915
-0.15707963267948993 1.1225393276317095 1.0 0.006731667982749915
0.15707963267948966 0.8238386589997556 1.0 0.00547715906289955
0.47123889803846897 0.8238386589997556 1.0 0.00547715906289955
0.7853981633974483 0.8238386589997556 1.0 0.00547715906289955
1.0995574287564276 0.8238386589997556 1.0 0.00547715906289955
1.413716694115407 0.8238386589997556 1.0 0.00547715906289955
1.727875959474386 0.8238386589997556 1.0 0.00547715906289955
2.0420352248333655 0.8238386589997554 0.9999999999999999 0.00547715906289955
2.356194490192345 0.8238386589997556 1.0 0.00547715906289955
2.670353755551324 0.8238386589997556 1.0 0.00547715906289955
2.9845130209103035 0.8238386589997556 1.0 0.00547715906289955
-2.984513020910304 0.8238386589997556 1.0 0.00547715906289955
-2.670353755551324 0.8238386589997554 0.9999999999999999 0.00547715906289955
-2.356194490192345 0.8238386589997556 1.0 0.00547715906289955
-2.0420352248333655 0.8238386589997556 1.0 0.00547715906289955
-1.7278759594743864 0.8238386589997556 1.0 0.00547715906289955
-1.4137166941154071 0.8238386589997556 1.0 0.00547715906289955
-1.0995574287564278 0.8238386589997556 1.0 0.00547715906289955
-0.7853981633974485 0.8238386589997556 1.0 0.00547715906289955
-0.4712388980384692 0.8238386589997556 1.0 0.00547715906289955
-0.1570796326794899 0.8238386589997556 1.0 0.00547715906289955
0.15707963267948968 0.5255196555285001 1.0 0.00373628372876451
0.4712388980384689 0.5255196555285001 1.0 0.00373628372876451
0.7853981633974483 0.5255196555285001 1.0 0.00373628372876451
1.0995574287564276 0.5255196555285001 1.0 0.00373628372876451
1.413716694115407 0.5255196555285001 1.0 0.00373628372876451
1.727875959474386 0.5255196555285001 1.0 0.00373628372876451
2.0420352248333655 0.5255196555285001 1.0 0.00373628372876451
2.356194490192345 0.5255196555285001 1.0 0.00373628372876451
2.670353755551324 0.5255196555285001 1.0 0.00373628372876451
2.9845130209103035 0.5255196555285001 1.0 0.00373628372876451
-2.984513020910304 0.5255196555285001 1.0 0.00373628372876451
-2.670353755551324 0.5255196555285001 1.0 0.00373628372876451
-2.3561944901923453 0.5255196555285001 1.0 0.00373628372876451
-2.0420352248333655 0.5255196555285001 1.0 0.00373628372876451
-1.7278759594743864 0.5255196555285001 1.0 0.00373628372876451
-1.4137166941154071 0.5255196555285001 1.0 0.00373628372876451
-1.0995574287564278 0.5255196555285001 1.0 0.00373628372876451
-0.7853981633974485 0.5255196555285001 1.0 0.00373628372876451
-0.4712388980384692 0.5255196555285001 1.0 0.00373628372876451
-0.15707963267948993 0.5255196555285001 1.0 0.00373628372876451
0.15707963267948966 0.2289442988470259 1.0 0.0016667836077172019
0.47123889803846897 0.2289442988470259 1.0 0.0016667836077172019
0.7853981633974482 0.2289442988470259 1.0 0.0016667836077172019
1.0995574287564276 0.2289442988470259 1.0 0.0016667836077172019
1.413716694115407 0.2289442988470259 1.0 0.0016667836077172019
1.727875959474386 0.2289442988470259 1.0 0.0016667836077172019
2.0420352248333655 0.2289442988470259 1.0 0.0016667836077172019
2.356194490192345 0.2289442988470259 1.0 0.0016667836077172019
2.670353755551324 0.2289442988470259 1.0 0.0016667836077172019
2.9845130209103035 0.2289442988470259 1.0 0.0016667836077172019
-2.984513020910304 0.2289442988470259 1.0 0.0016667836077172019
-2.670353755551324 0.2289442988470259 1.0 0.0016667836077172019
-2.3561944901923453 0.2289442988470259 1.0 0.0016667836077172019
-2.0420352248333655 0.2289442988470259 1.0 0.0016667836077172019
-1.7278759594743864 0.2289442988470259 1.0 0.0016667836077172019
-1.4137166941154071 0.2289442988470259 1.0 0.0016667836077172019
-1.0995574287564278 0.2289442988470259 1.0 0.0016667836077172019
-0.7853981633974486 0.2289442988470259 1.0 0.0016667836077172019
-0.47123889803846913 0.2289442988470259 1.0 0.0016667836077172019
-0.15707963267948993 0.2289442988470259 1.0 0.0016667836077172019
