0.0 1.5707963267948966 1.0 0.001782340447245
3.141592653589793 1.5707963267948966 1.0 0.001782340447245
1.5707963267948966 1.5707963267948966 1.0 0.001782340447245
-1.5707963267948966 1.5707963267948966 1.0 0.001782340447245
0.0 0.0 1.0 0.001782340447245
0.0 3.141592653589793 1.0 0.001782340447245
1.5707963267948966 0.7853981633974483 1.0 0.005716905949977
1.5707963267948966 2.356194490192345 1.0 0.005716905949977
-1.5707963267948966 0.7853981633974483 1.0 0.005716905949977
-1.5707963267948966 2.356194490192345 1.0 0.005716905949977
0.0 0.7853981633974483 1.0 0.005716905949977
0.0 2.356194490192345 1.0 0.005716905949977
3.141592653589793 0.7853981633974483 1.0 0.005716905949977
3.141592653589793 2.356194490192345 1.0 0.005716905949977
0.7853981633974483 1.5707963267948966 1.0 0.005716905949977
-0.7853981633974483 1.5707963267948966 1.0 0.005716905949977
2.356194490192345 1.5707963267948966 1.0 0.005716905949977
-2.356194490192345 1.5707963267948966 1.0 0.005716905949977
0.7853981633974483 0.9553166181245093 1.0 0.005573383178849
0.7853981633974483 2.186276035465284 1.0 0.005573383178849
-0.7853981633974483 0.9553166181245093 1.0 0.005573383178849
-0.7853981633974483 2.186276035465284 1.0 0.005573383178849
2.356194490192345 0.9553166181245093 1.0 0.005573383178849
2.356194490192345 2.186276035465284 1.0 0.005573383178849
-2.356194490192345 0.9553166181245093 1.0 0.005573383178849
-2.356194490192345 2.186276035465284 1.0 0.005573383178849
0.7853981633974483 1.2511856323329762 1.0 0.005608704082588
0.7853981633974483 1.8904070212568171 1.0 0.005608704082588
-0.7853981633974483 1.2511856323329762 1.0 0.005608704082588
-0.7853981633974483 1.8904070212568171 1.0 0.005608704082588
2.356194490192345 1.2511856323329762 1.0 0.005608704082588
2.356194490192345 1.8904070212568171 1.0 0.005608704082588
-2.356194490192345 1.2511856323329762 1.0 0.005608704082588
-2.356194490192345 1.8904070212568171 1.0 0.005608704082588
0.43775795114590654 0.8348385661418192 1.0 0.005608704082588
-0.43775795114590654 0.8348385661418192 1.0 0.005608704082588
0.4377579511459066 2.3067540874479744 1.0 0.005608704082588
-0.4377579511459066 2.3067540874479744 1.0 0.005608704082588
2.7038347024438867 0.8348385661418192 1.0 0.005608704082588
-2.7038347024438867 0.8348385661418192 1.0 0.005608704082588
2.7038347024438867 2.3067540874479744 1.0 0.005608704082588
-2.7038347024438867 2.3067540874479744 1.0 0.005608704082588
1.1330383756489901 0.8348385661418192 1.0 0.005608704082588
2.0085542779408034 0.8348385661418192 1.0 0.005608704082588
1.1330383756489901 2.3067540874479744 1.0 0.005608704082588
2.0085542779408034 2.3067540874479744 1.0 0.005608704082588
-1.1330383756489901 0.8348385661418192 1.0 0.005608704082588
-2.0085542779408034 0.8348385661418192 1.0 0.005608704082588
-1.1330383756489901 2.3067540874479744 1.0 0.005608704082588
-2.0085542779408034 2.3067540874479744 1.0 0.005608704082588
0.7853981633974483 0.42141976340669096 1.0 0.005158237711805
0.7853981633974483 2.720172890183102 1.0 0.005158237711805
-0.7853981633974483 0.42141976340669096 1.0 0.005158237711805
-0.7853981633974483 2.720172890183102 1.0 0.005158237711805
2.356194490192345 0.42141976340669096 1.0 0.005158237711805
2.356194490192345 2.720172890183102 1.0 0.005158237711805
-2.356194490192345 0.42141976340669096 1.0 0.005158237711805
-2.356194490192345 2.720172890183102 1.0 0.005158237711805
1.2638358248913981 1.2773566640691283 1.0 0.005158237711805
-1.2638358248913981 1.2773566640691283 1.0 0.005158237711805
1.2638358248913981 1.8642359895206653 1.0 0.005158237711805
-1.2638358248913981 1.8642359895206653 1.0 0.005158237711805
1.8777568286983957 1.2773566640691283 1.0 0.005158237711805
-1.8777568286983957 1.2773566640691283 1.0 0.005158237711805
1.8777568286983957 1.8642359895206653 1.0 0.005158237711805
-1.8777568286983957 1.8642359895206653 1.0 0.005158237711805
0.30696050190349894 1.2773566640691283 1.0 0.005158237711805
2.8346321516862942 1.2773566640691283 1.0 0.005158237711805
0.30696050190349894 1.8642359895206653 1.0 0.005158237711805
2.8346321516862942 1.8642359895206653 1.0 0.005158237711805
-0.30696050190349894 1.2773566640691283 1.0 0.005158237711805
-2.8346321516862942 1.2773566640691283 1.0 0.005158237711805
-0.30696050190349894 1.8642359895206653 1.0 0.005158237711805
-2.8346321516862942 1.8642359895206653 1.0 0.005158237711805
0.7853981633974483 0.6801264219219314 1.0 0.005518771467274
0.7853981633974483 2.461466231667862 1.0 0.005518771467274
-0.7853981633974483 0.6801264219219314 1.0 0.005518771467274
-0.7853981633974483 2.461466231667862 1.0 0.005518771467274
2.356194490192345 0.6801264219219314 1.0 0.005518771467274
2.356194490192345 2.461466231667862 1.0 0.005518771467274
-2.356194490192345 0.6801264219219314 1.0 0.005518771467274
-2.356194490192345 2.461466231667862 1.0 0.005518771467274
1.0512513401453372 1.10996449541479 1.0 0.005518771467274
-1.0512513401453372 1.10996449541479 1.0 0.005518771467274
1.0512513401453372 2.0316281581750033 1.0 0.005518771467274
-1.0512513401453372 2.0316281581750033 1.0 0.005518771467274
2.090341313444456 1.10996449541479 1.0 0.005518771467274
-2.090341313444456 1.10996449541479 1.0 0.005518771467274
2.090341313444456 2.0316281581750033 1.0 0.005518771467274
-2.090341313444456 2.0316281581750033 1.0 0.005518771467274
0.5195449866495595 1.10996449541479 1.0 0.005518771467274
2.622047666940234 1.10996449541479 1.0 0.005518771467274
0.5195449866495595 2.0316281581750033 1.0 0.005518771467274
2.622047666940234 2.0316281581750033 1.0 0.005518771467274
-0.5195449866495595 1.10996449541479 1.0 0.005518771467274
-2.622047666940234 1.10996449541479 1.0 0.005518771467274
-0.5195449866495595 2.0316281581750033 1.0 0.005518771467274
-2.622047666940234 2.0316281581750033 1.0 0.005518771467274
0.7853981633974483 0.18480390510717054 1.0 0.004106777028169
0.7853981633974483 2.9567887484826225 1.0 0.004106777028169
-0.7853981633974483 0.18480390510717054 1.0 0.004106777028169
-0.7853981633974483 2.9567887484826225 1.0 0.004106777028169
2.356194490192345 0.18480390510717054 1.0 0.004106777028169
2.356194490192345 2.9567887484826225 1.0 0.004106777028169
-2.356194490192345 0.18480390510717054 1.0 0.004106777028169
-2.356194490192345 2.9567887484826225 1.0 0.004106777028169
1.4393738878604954 1.4404943707983893 1.0 0.004106777028169
-1.4393738878604954 1.4404943707983893 1.0 0.004106777028169
1.4393738878604954 1.701098282791404 1.0 0.004106777028169
-1.4393738878604954 1.701098282791404 1.0 0.004106777028169
1.702218765729298 1.4404943707983893 1.0 0.004106777028169
-1.702218765729298 1.4404943707983893 1.0 0.004106777028169
1.702218765729298 1.701098282791404 1.0 0.004106777028169
-1.702218765729298 1.701098282791404 1.0 0.004106777028169
0.13142243893440095 1.4404943707983893 1.0 0.004106777028169
3.010170214655392 1.4404943707983893 1.0 0.004106777028169
0.13142243893440095 1.701098282791404 1.0 0.004106777028169
3.010170214655392 1.701098282791404 1.0 0.004106777028169
-0.13142243893440095 1.4404943707983893 1.0 0.004106777028169
-3.010170214655392 1.4404943707983893 1.0 0.004106777028169
-0.13142243893440095 1.701098282791404 1.0 0.004106777028169
-3.010170214655392 1.701098282791404 1.0 0.004106777028169
1.2177368152555974 1.5707963267948966 1.0 0.005051846064615
-1.2177368152555974 1.5707963267948966 1.0 0.005051846064615
1.923855838334196 1.5707963267948966 1.0 0.005051846064615
-1.923855838334196 1.5707963267948966 1.0 0.005051846064615
0.35305951153929943 1.5707963267948966 1.0 0.005051846064615
-0.35305951153929943 1.5707963267948966 1.0 0.005051846064615
2.788533142050494 1.5707963267948966 1.0 0.005051846064615
-2.788533142050494 1.5707963267948966 1.0 0.005051846064615
0.0 0.35305951153929943 1.0 0.005051846064615
0.0 2.788533142050494 1.0 0.005051846064615
3.141592653589793 0.35305951153929943 1.0 0.005051846064615
3.141592653589793 2.788533142050494 1.0 0.005051846064615
0.0 1.2177368152555974 1.0 0.005051846064615
0.0 1.923855838334196 1.0 0.005051846064615
3.141592653589793 1.2177368152555974 1.0 0.005051846064615
3.141592653589793 1.923855838334196 1.0 0.005051846064615
1.5707963267948966 0.35305951153929943 1.0 0.005051846064615
1.5707963267948966 2.788533142050494 1.0 0.005051846064615
-1.5707963267948966 0.35305951153929943 1.0 0.005051846064615
-1.5707963267948966 2.788533142050494 1.0 0.005051846064615
1.5707963267948966 1.2177368152555974 1.0 0.005051846064615
1.5707963267948966 1.923855838334196 1.0 0.005051846064615
-1.5707963267948966 1.2177368152555974 1.0 0.005051846064615
-1.5707963267948966 1.923855838334196 1.0 0.005051846064615
1.3828094259298231 1.0179418913750822 1.0 0.005530248916233
1.3828094259298231 2.123650762214711 1.0 0.005530248916233
-1.3828094259298231 1.0179418913750822 1.0 0.005530248916233
-1.3828094259298231 2.123650762214711 1.0 0.005530248916233
1.7587832276599702 1.0179418913750822 1.0 0.005530248916233
1.7587832276599702 2.123650762214711 1.0 0.005530248916233
-1.7587832276599702 1.0179418913750822 1.0 0.005530248916233
-1.7587832276599702 2.123650762214711 1.0 0.005530248916233
1.2767102487945483 0.580778034089788 1.0 0.005530248916233
1.276710248794548 2.5608146195000057 1.0 0.005530248916233
-1.2767102487945483 0.580778034089788 1.0 0.005530248916233
-1.276710248794548 2.5608146195000057 1.0 0.005530248916233
1.8648824047952453 0.580778034089788 1.0 0.005530248916233
1.8648824047952453 2.5608146195000057 1.0 0.005530248916233
-1.8648824047952453 0.580778034089788 1.0 0.005530248916233
-1.8648824047952453 2.5608146195000057 1.0 0.005530248916233
0.18798690086507344 1.0179418913750822 1.0 0.005530248916233
0.18798690086507344 2.123650762214711 1.0 0.005530248916233
-0.18798690086507344 1.0179418913750822 1.0 0.005530248916233
-0.18798690086507344 2.123650762214711 1.0 0.005530248916233
2.9536057527247204 1.0179418913750822 1.0 0.005530248916233
2.9536057527247204 2.123650762214711 1.0 0.005530248916233
-2.9536057527247204 1.0179418913750822 1.0 0.005530248916233
-2.9536057527247204 2.123650762214711 1.0 0.005530248916233
0.5608291557018665 1.4110763938431827 1.0 0.005530248916233
0.5608291557018665 1.7305162597466106 1.0 0.005530248916233
-0.5608291557018665 1.4110763938431827 1.0 0.005530248916233
-0.5608291557018665 1.7305162597466106 1.0 0.005530248916233
2.5807634978879266 1.4110763938431827 1.0 0.005530248916233
2.5807634978879266 1.7305162597466106 1.0 0.005530248916233
-2.5807634978879266 1.4110763938431827 1.0 0.005530248916233
-2.5807634978879266 1.7305162597466106 1.0 0.005530248916233
0.2940860780003483 0.580778034089788 1.0 0.005530248916233
0.2940860780003484 2.5608146195000057 1.0 0.005530248916233
-0.2940860780003483 0.580778034089788 1.0 0.005530248916233
-0.2940860780003484 2.5608146195000057 1.0 0.005530248916233
2.8475065755894455 0.580778034089788 1.0 0.005530248916233
2.8475065755894455 2.5608146195000057 1.0 0.005530248916233
-2.8475065755894455 0.580778034089788 1.0 0.005530248916233
-2.8475065755894455 2.5608146195000057 1.0 0.005530248916233
1.00996717109303 1.4110763938431827 1.0 0.005530248916233
1.00996717109303 1.7305162597466106 1.0 0.005530248916233
-1.00996717109303 1.4110763938431827 1.0 0.005530248916233
-1.00996717109303 1.7305162597466106 1.0 0.005530248916233
2.131625482496763 1.4110763938431827 1.0 0.005530248916233
2.131625482496763 1.7305162597466106 1.0 0.005530248916233
-2.131625482496763 1.4110763938431827 1.0 0.005530248916233
-2.131625482496763 1.7305162597466106 1.0 0.005530248916233
