0.0 1.5707963267948966 1.0 0.00952380952381
3.141592653589793 1.5707963267948966 1.0 0.00952380952381
1.5707963267948966 1.5707963267948966 1.0 0.00952380952381
-1.5707963267948966 1.5707963267948966 1.0 0.00952380952381
0.0 0.0 1.0 0.00952380952381
0.0 3.141592653589793 1.0 0.00952380952381
0.7853981633974483 0.9553166181245093 1.0 0.032142857142857
0.7853981633974483 2.186276035465284 1.0 0.032142857142857
-0.7853981633974483 0.9553166181245093 1.0 0.032142857142857
-0.7853981633974483 2.186276035465284 1.0 0.032142857142857
2.356194490192345 0.9553166181245093 1.0 0.032142857142857
2.356194490192345 2.186276035465284 1.0 0.032142857142857
-2.356194490192345 0.9553166181245093 1.0 0.032142857142857
-2.356194490192345 2.186276035465284 1.0 0.032142857142857
1.093138017732642 1.5707963267948966 1.0 0.028571428571429
-1.093138017732642 1.5707963267948966 1.0 0.028571428571429
2.0484546358571514 1.5707963267948966 1.0 0.028571428571429
-2.0484546358571514 1.5707963267948966 1.0 0.028571428571429
0.4776583090622546 1.5707963267948966 1.0 0.028571428571429
-0.4776583090622546 1.5707963267948966 1.0 0.028571428571429
2.663934344527539 1.5707963267948966 1.0 0.028571428571429
-2.663934344527539 1.5707963267948966 1.0 0.028571428571429
0.0 0.4776583090622544 1.0 0.028571428571429
0.0 2.663934344527539 1.0 0.028571428571429
3.141592653589793 0.4776583090622544 1.0 0.028571428571429
3.141592653589793 2.663934344527539 1.0 0.028571428571429
0.0 1.093138017732642 1.0 0.028571428571429
0.0 2.0484546358571514 1.0 0.028571428571429
3.141592653589793 1.093138017732642 1.0 0.028571428571429
3.141592653589793 2.0484546358571514 1.0 0.028571428571429
1.5707963267948966 0.4776583090622544 1.0 0.028571428571429
1.5707963267948966 2.663934344527539 1.0 0.028571428571429
-1.5707963267948966 0.4776583090622544 1.0 0.028571428571429
-1.5707963267948966 2.663934344527539 1.0 0.028571428571429
1.5707963267948966 1.093138017732642 1.0 0.028571428571429
1.5707963267948966 2.0484546358571514 1.0 0.028571428571429
-1.5707963267948966 1.093138017732642 1.0 0.028571428571429
-1.5707963267948966 2.0484546358571514 1.0 0.028571428571429
