0.0 1.5707963267948966 1.0 0.011544011544012
3.141592653589793 1.5707963267948966 1.0 0.011544011544012
1.5707963267948966 1.5707963267948966 1.0 0.011544011544012
-1.5707963267948966 1.5707963267948966 1.0 0.011544011544012
0.0 0.0 1.0 0.011544011544012
0.0 3.141592653589793 1.0 0.011544011544012
0.7853981633974483 0.9553166181245093 1.0 0.011943909085856
0.7853981633974483 2.186276035465284 1.0 0.011943909085856
-0.7853981633974483 0.9553166181245093 1.0 0.011943909085856
-0.7853981633974483 2.186276035465284 1.0 0.011943909085856
2.356194490192345 0.9553166181245093 1.0 0.011943909085856
2.356194490192345 2.186276035465284 1.0 0.011943909085856
-2.356194490192345 0.9553166181245093 1.0 0.011943909085856
-2.356194490192345 2.186276035465284 1.0 0.011943909085856
0.7853981633974483 0.5500118814803941 1.0 0.011110555710603
0.7853981633974483 2.591580772109399 1.0 0.011110555710603
-0.7853981633974483 0.5500118814803941 1.0 0.011110555710603
-0.7853981633974483 2.591580772109399 1.0 0.011110555710603
2.356194490192345 0.5500118814803941 1.0 0.011110555710603
2.356194490192345 2.591580772109399 1.0 0.011110555710603
-2.356194490192345 0.5500118814803941 1.0 0.011110555710603
-2.356194490192345 2.591580772109399 1.0 0.011110555710603
1.1617124848930387 1.1922147616227734 1.0 0.011110555710603
-1.1617124848930387 1.1922147616227734 1.0 0.011110555710603
1.1617124848930387 1.9493778919670202 1.0 0.011110555710603
-1.1617124848930387 1.9493778919670202 1.0 0.011110555710603
1.9798801686967546 1.1922147616227734 1.0 0.011110555710603
-1.9798801686967546 1.1922147616227734 1.0 0.011110555710603
1.9798801686967549 1.9493778919670202 1.0 0.011110555710603
-1.9798801686967549 1.9493778919670202 1.0 0.011110555710603
0.40908384190185787 1.1922147616227734 1.0 0.011110555710603
2.7325088116879357 1.1922147616227734 1.0 0.011110555710603
0.4090838419018579 1.9493778919670202 1.0 0.011110555710603
2.7325088116879357 1.9493778919670202 1.0 0.011110555710603
-0.40908384190185787 1.1922147616227734 1.0 0.011110555710603
-2.7325088116879357 1.1922147616227734 1.0 0.011110555710603
-0.4090838419018579 1.9493778919670202 1.0 0.011110555710603
-2.7325088116879357 1.9493778919670202 1.0 0.011110555710603
0.7853981633974483 1.3805879142395583 1.0 0.011876501294537
0.7853981633974483 1.7610047393502348 1.0 0.011876501294537
-0.7853981633974483 1.3805879142395583 1.0 0.011876501294537
-0.7853981633974483 1.7610047393502348 1.0 0.011876501294537
2.356194490192345 1.3805879142395583 1.0 0.011876501294537
2.356194490192345 1.7610047393502348 1.0 0.011876501294537
-2.356194490192345 1.3805879142395583 1.0 0.011876501294537
-2.356194490192345 1.7610047393502348 1.0 0.011876501294537
0.26584218892516487 0.8032744850747285 1.0 0.011876501294537
-0.26584218892516487 0.8032744850747285 1.0 0.011876501294537
0.26584218892516476 2.338318168515065 1.0 0.011876501294537
-0.26584218892516476 2.338318168515065 1.0 0.011876501294537
2.8757504646646286 0.8032744850747285 1.0 0.011876501294537
-2.8757504646646286 0.8032744850747285 1.0 0.011876501294537
2.8757504646646286 2.338318168515065 1.0 0.011876501294537
-2.8757504646646286 2.338318168515065 1.0 0.011876501294537
1.3049541378697316 0.8032744850747284 1.0 0.011876501294537
1.8366385157200615 0.8032744850747284 1.0 0.011876501294537
1.3049541378697316 2.338318168515065 1.0 0.011876501294537
1.8366385157200618 2.338318168515065 1.0 0.011876501294537
-1.3049541378697316 0.8032744850747284 1.0 0.011876501294537
-1.8366385157200615 0.8032744850747284 1.0 0.011876501294537
-1.3049541378697316 2.338318168515065 1.0 0.011876501294537
-1.8366385157200618 2.338318168515065 1.0 0.011876501294537
1.1872159662831576 1.5707963267948966 1.0 0.011812303746904
-1.1872159662831576 1.5707963267948966 1.0 0.011812303746904
1.9543766873066357 1.5707963267948966 1.0 0.011812303746904
-1.9543766873066357 1.5707963267948966 1.0 0.011812303746904
0.38358036051173894 1.5707963267948966 1.0 0.011812303746904
-0.38358036051173894 1.5707963267948966 1.0 0.011812303746904
2.758012293078054 1.5707963267948966 1.0 0.011812303746904
-2.758012293078054 1.5707963267948966 1.0 0.011812303746904
0.0 0.383580360511739 1.0 0.011812303746904
0.0 2.758012293078054 1.0 0.011812303746904
3.141592653589793 0.383580360511739 1.0 0.011812303746904
3.141592653589793 2.758012293078054 1.0 0.011812303746904
0.0 1.1872159662831576 1.0 0.011812303746904
0.0 1.9543766873066357 1.0 0.011812303746904
3.141592653589793 1.1872159662831576 1.0 0.011812303746904
3.141592653589793 1.9543766873066357 1.0 0.011812303746904
1.5707963267948966 0.383580360511739 1.0 0.011812303746904
1.5707963267948966 2.758012293078054 1.0 0.011812303746904
-1.5707963267948966 0.383580360511739 1.0 0.011812303746904
-1.5707963267948966 2.758012293078054 1.0 0.011812303746904
1.5707963267948966 1.1872159662831576 1.0 0.011812303746904
1.5707963267948966 1.9543766873066357 1.0 0.011812303746904
-1.5707963267948966 1.1872159662831576 1.0 0.011812303746904
-1.5707963267948966 1.9543766873066357 1.0 0.011812303746904
