0.0 1.5707963267948966 1.0 0.000143829419053
3.141592653589793 1.5707963267948966 1.0 0.000143829419053
1.5707963267948966 1.5707963267948966 1.0 0.000143829419053
-1.5707963267948966 1.5707963267948966 1.0 0.000143829419053
0.0 0.0 1.0 0.000143829419053
0.0 3.141592653589793 1.0 0.000143829419053
0.7853981633974483 0.9553166181245093 1.0 0.001125772288287
0.7853981633974483 2.186276035465284 1.0 0.001125772288287
-0.7853981633974483 0.9553166181245093 1.0 0.001125772288287
-0.7853981633974483 2.186276035465284 1.0 0.001125772288287
2.356194490192345 0.9553166181245093 1.0 0.001125772288287
2.356194490192345 2.186276035465284 1.0 0.001125772288287
-2.356194490192345 0.9553166181245093 1.0 0.001125772288287
-2.356194490192345 2.186276035465284 1.0 0.001125772288287
0.7853981633974483 0.06074903094902287 1.0 0.000494802934195
0.7853981633974483 3.0808436226407703 1.0 0.000494802934195
-0.7853981633974483 0.06074903094902287 1.0 0.000494802934195
-0.7853981633974483 3.0808436226407703 1.0 0.000494802934195
2.356194490192345 0.06074903094902287 1.0 0.000494802934195
2.356194490192345 3.0808436226407703 1.0 0.000494802934195
-2.356194490192345 0.06074903094902287 1.0 0.000494802934195
-2.356194490192345 3.0808436226407703 1.0 0.000494802934195
1.5278138441597446 1.527853494172719 1.0 0.000494802934195
-1.5278138441597446 1.527853494172719 1.0 0.000494802934195
1.5278138441597446 1.6137391594170742 1.0 0.000494802934195
-1.5278138441597446 1.6137391594170742 1.0 0.000494802934195
1.6137788094300487 1.527853494172719 1.0 0.000494802934195
-1.6137788094300487 1.527853494172719 1.0 0.000494802934195
1.6137788094300487 1.6137391594170742 1.0 0.000494802934195
-1.6137788094300487 1.6137391594170742 1.0 0.000494802934195
0.04298248263515219 1.527853494172719 1.0 0.000494802934195
3.098610170954641 1.527853494172719 1.0 0.000494802934195
0.04298248263515219 1.6137391594170742 1.0 0.000494802934195
3.098610170954641 1.6137391594170742 1.0 0.000494802934195
-0.04298248263515219 1.527853494172719 1.0 0.000494802934195
-3.098610170954641 1.527853494172719 1.0 0.000494802934195
-0.04298248263515219 1.6137391594170742 1.0 0.000494802934195
-3.098610170954641 1.6137391594170742 1.0 0.000494802934195
0.7853981633974483 0.14924767362180266 1.0 0.000735799010913
0.7853981633974483 2.9923449799679904 1.0 0.000735799010913
-0.7853981633974483 0.14924767362180266 1.0 0.000735799010913
-0.7853981633974483 2.9923449799679904 1.0 0.000735799010913
2.356194490192345 0.14924767362180266 1.0 0.000735799010913
2.356194490192345 2.9923449799679904 1.0 0.000735799010913
-2.356194490192345 0.14924767362180266 1.0 0.000735799010913
-2.356194490192345 2.9923449799679904 1.0 0.000735799010913
1.4648696224570612 1.465458946141118 1.0 0.000735799010913
-1.4648696224570612 1.465458946141118 1.0 0.000735799010913
1.4648696224570612 1.676133707448675 1.0 0.000735799010913
-1.4648696224570612 1.676133707448675 1.0 0.000735799010913
1.6767230311327321 1.465458946141118 1.0 0.000735799010913
-1.6767230311327321 1.465458946141118 1.0 0.000735799010913
1.6767230311327321 1.676133707448675 1.0 0.000735799010913
-1.6767230311327321 1.676133707448675 1.0 0.000735799010913
0.1059267043378355 1.465458946141118 1.0 0.000735799010913
3.035665949251958 1.465458946141118 1.0 0.000735799010913
0.1059267043378355 1.676133707448675 1.0 0.000735799010913
3.035665949251958 1.676133707448675 1.0 0.000735799010913
-0.1059267043378355 1.465458946141118 1.0 0.000735799010913
-3.035665949251958 1.465458946141118 1.0 0.000735799010913
-0.1059267043378355 1.676133707448675 1.0 0.000735799010913
-3.035665949251958 1.676133707448675 1.0 0.000735799010913
0.7853981633974483 0.25008972118398765 1.0 0.00088891327713
0.7853981633974483 2.8915029324058055 1.0 0.00088891327713
-0.7853981633974483 0.25008972118398765 1.0 0.00088891327713
-0.7853981633974483 2.8915029324058055 1.0 0.00088891327713
2.356194490192345 0.25008972118398765 1.0 0.00088891327713
2.356194490192345 2.8915029324058055 1.0 0.00088891327713
-2.356194490192345 0.25008972118398765 1.0 0.00088891327713
-2.356194490192345 2.8915029324058055 1.0 0.00088891327713
1.3921013767391797 1.3948880328922042 1.0 0.00088891327713
-1.3921013767391797 1.3948880328922042 1.0 0.00088891327713
1.3921013767391797 1.7467046206975891 1.0 0.00088891327713
-1.3921013767391797 1.7467046206975891 1.0 0.00088891327713
1.7494912768506137 1.3948880328922042 1.0 0.00088891327713
-1.7494912768506137 1.3948880328922042 1.0 0.00088891327713
1.7494912768506137 1.7467046206975891 1.0 0.00088891327713
-1.7494912768506137 1.7467046206975891 1.0 0.00088891327713
0.17869495005571678 1.3948880328922042 1.0 0.00088891327713
2.9628977035340767 1.3948880328922042 1.0 0.00088891327713
0.17869495005571678 1.7467046206975891 1.0 0.00088891327713
2.9628977035340767 1.7467046206975891 1.0 0.00088891327713
-0.17869495005571678 1.3948880328922042 1.0 0.00088891327713
-2.9628977035340767 1.3948880328922042 1.0 0.00088891327713
-0.17869495005571678 1.7467046206975891 1.0 0.00088891327713
-2.9628977035340767 1.7467046206975891 1.0 0.00088891327713
0.7853981633974483 0.35799078039612386 1.0 0.000988834783892
0.7853981633974483 2.78360187319367 1.0 0.000988834783892
-0.7853981633974483 0.35799078039612386 1.0 0.000988834783892
-0.7853981633974483 2.78360187319367 1.0 0.000988834783892
2.356194490192345 0.35799078039612386 1.0 0.000988834783892
2.356194490192345 2.78360187319367 1.0 0.000988834783892
-2.356194490192345 0.35799078039612386 1.0 0.000988834783892
-2.356194490192345 2.78360187319367 1.0 0.000988834783892
1.3121840021380577 1.3204233354692447 1.0 0.000988834783892
-1.3121840021380577 1.3204233354692447 1.0 0.000988834783892
1.3121840021380577 1.8211693181205488 1.0 0.000988834783892
-1.3121840021380577 1.8211693181205488 1.0 0.000988834783892
1.8294086514517356 1.3204233354692447 1.0 0.000988834783892
-1.8294086514517356 1.3204233354692447 1.0 0.000988834783892
1.8294086514517356 1.8211693181205488 1.0 0.000988834783892
-1.8294086514517356 1.8211693181205488 1.0 0.000988834783892
0.25861232465683903 1.3204233354692447 1.0 0.000988834783892
2.882980328932954 1.3204233354692447 1.0 0.000988834783892
0.2586123246568391 1.8211693181205488 1.0 0.000988834783892
2.882980328932954 1.8211693181205488 1.0 0.000988834783892
-0.25861232465683903 1.3204233354692447 1.0 0.000988834783892
-2.882980328932954 1.3204233354692447 1.0 0.000988834783892
-0.2586123246568391 1.8211693181205488 1.0 0.000988834783892
-2.882980328932954 1.8211693181205488 1.0 0.000988834783892
0.7853981633974483 0.4706627486304204 1.0 0.001053299681709
0.7853981633974483 2.670929904959373 1.0 0.001053299681709
-0.7853981633974483 0.4706627486304204 1.0 0.001053299681709
-0.7853981633974483 2.670929904959373 1.0 0.001053299681709
2.356194490192345 0.4706627486304204 1.0 0.001053299681709
2.356194490192345 2.670929904959373 1.0 0.001053299681709
-2.356194490192345 0.4706627486304204 1.0 0.001053299681709
-2.356194490192345 2.670929904959373 1.0 0.001053299681709
1.2254391629113082 1.2443735978067951 1.0 0.001053299681709
-1.2254391629113082 1.2443735978067951 1.0 0.001053299681709
1.2254391629113082 1.8972190557829984 1.0 0.001053299681709
-1.2254391629113082 1.8972190557829984 1.0 0.001053299681709
1.9161534906784852 1.2443735978067951 1.0 0.001053299681709
-1.9161534906784852 1.2443735978067951 1.0 0.001053299681709
1.9161534906784852 1.8972190557829984 1.0 0.001053299681709
-1.9161534906784852 1.8972190557829984 1.0 0.001053299681709
0.3453571638835884 1.2443735978067951 1.0 0.001053299681709
2.7962354897062047 1.2443735978067951 1.0 0.001053299681709
0.3453571638835884 1.8972190557829984 1.0 0.001053299681709
2.7962354897062047 1.8972190557829984 1.0 0.001053299681709
-0.3453571638835884 1.2443735978067951 1.0 0.001053299681709
-2.7962354897062047 1.2443735978067951 1.0 0.001053299681709
-0.3453571638835884 1.8972190557829984 1.0 0.001053299681709
-2.7962354897062047 1.8972190557829984 1.0 0.001053299681709
0.7853981633974483 0.5870167849631625 1.0 0.001092778807015
0.7853981633974483 2.554575868626631 1.0 0.001092778807015
-0.7853981633974483 0.5870167849631625 1.0 0.001092778807015
-0.7853981633974483 2.554575868626631 1.0 0.001092778807015
2.356194490192345 0.5870167849631625 1.0 0.001092778807015
2.356194490192345 2.554575868626631 1.0 0.001092778807015
-2.356194490192345 0.5870167849631625 1.0 0.001092778807015
-2.356194490192345 2.554575868626631 1.0 0.001092778807015
1.1311092630816586 1.1683699063550896 1.0 0.001092778807015
-1.1311092630816586 1.1683699063550896 1.0 0.001092778807015
1.1311092630816586 1.973222747234704 1.0 0.001092778807015
-1.1311092630816586 1.973222747234704 1.0 0.001092778807015
2.0104833905081345 1.1683699063550896 1.0 0.001092778807015
-2.0104833905081345 1.1683699063550896 1.0 0.001092778807015
2.0104833905081345 1.973222747234704 1.0 0.001092778807015
-2.0104833905081345 1.973222747234704 1.0 0.001092778807015
0.439687063713238 1.1683699063550896 1.0 0.001092778807015
2.7019055898765556 1.1683699063550894 1.0 0.001092778807015
0.43968706371323807 1.973222747234704 1.0 0.001092778807015
2.7019055898765556 1.973222747234704 1.0 0.001092778807015
-0.439687063713238 1.1683699063550896 1.0 0.001092778807015
-2.7019055898765556 1.1683699063550894 1.0 0.001092778807015
-0.43968706371323807 1.973222747234704 1.0 0.001092778807015
-2.7019055898765556 1.973222747234704 1.0 0.001092778807015
0.7853981633974483 0.7065858572901342 1.0 0.001114389394063
0.7853981633974483 2.435006796299659 1.0 0.001114389394063
-0.7853981633974483 0.7065858572901342 1.0 0.001114389394063
-0.7853981633974483 2.435006796299659 1.0 0.001114389394063
2.356194490192345 0.7065858572901342 1.0 0.001114389394063
2.356194490192345 2.435006796299659 1.0 0.001114389394063
-2.356194490192345 0.7065858572901342 1.0 0.001114389394063
-2.356194490192345 2.435006796299659 1.0 0.001114389394063
1.027739034753606 1.0938340687015584 1.0 0.001114389394063
-1.027739034753606 1.0938340687015584 1.0 0.001114389394063
1.027739034753606 2.047758584888235 1.0 0.001114389394063
-1.027739034753606 2.047758584888235 1.0 0.001114389394063
2.1138536188361874 1.0938340687015584 1.0 0.001114389394063
-2.1138536188361874 1.0938340687015584 1.0 0.001114389394063
2.1138536188361874 2.047758584888235 1.0 0.001114389394063
-2.1138536188361874 2.047758584888235 1.0 0.001114389394063
0.5430572920412907 1.0938340687015584 1.0 0.001114389394063
2.5985353615485023 1.0938340687015584 1.0 0.001114389394063
0.5430572920412907 2.047758584888235 1.0 0.001114389394063
2.5985353615485023 2.047758584888235 1.0 0.001114389394063
-0.5430572920412907 1.0938340687015584 1.0 0.001114389394063
-2.5985353615485023 1.0938340687015584 1.0 0.001114389394063
-0.5430572920412907 2.047758584888235 1.0 0.001114389394063
-2.5985353615485023 2.047758584888235 1.0 0.001114389394063
0.7853981633974483 0.8292880366025691 1.0 0.001123724788052
0.7853981633974483 2.312304616987224 1.0 0.001123724788052
-0.7853981633974483 0.8292880366025691 1.0 0.001123724788052
-0.7853981633974483 2.312304616987224 1.0 0.001123724788052
2.356194490192345 0.8292880366025691 1.0 0.001123724788052
2.356194490192345 2.312304616987224 1.0 0.001123724788052
-2.356194490192345 0.8292880366025691 1.0 0.001123724788052
-2.356194490192345 2.312304616987224 1.0 0.001123724788052
0.9133197976907225 1.0222394480312291 1.0 0.001123724788052
-0.9133197976907225 1.0222394480312291 1.0 0.001123724788052
0.9133197976907225 2.119353205558564 1.0 0.001123724788052
-0.9133197976907225 2.119353205558564 1.0 0.001123724788052
2.2282728558990708 1.0222394480312291 1.0 0.001123724788052
-2.2282728558990708 1.0222394480312291 1.0 0.001123724788052
2.2282728558990708 2.119353205558564 1.0 0.001123724788052
-2.2282728558990708 2.119353205558564 1.0 0.001123724788052
0.6574765291041742 1.0222394480312291 1.0 0.001123724788052
2.4841161244856194 1.0222394480312291 1.0 0.001123724788052
0.6574765291041741 2.119353205558564 1.0 0.001123724788052
2.4841161244856194 2.119353205558564 1.0 0.001123724788052
-0.6574765291041742 1.0222394480312291 1.0 0.001123724788052
-2.4841161244856194 1.0222394480312291 1.0 0.001123724788052
-0.6574765291041741 2.119353205558564 1.0 0.001123724788052
-2.4841161244856194 2.119353205558564 1.0 0.001123724788052
0.7853981633974483 1.0850608336014413 1.0 0.001125239325244
0.7853981633974483 2.056531819988352 1.0 0.001125239325244
-0.7853981633974483 1.0850608336014413 1.0 0.001125239325244
-0.7853981633974483 2.056531819988352 1.0 0.001125239325244
2.356194490192345 1.0850608336014413 1.0 0.001125239325244
2.356194490192345 2.056531819988352 1.0 0.001125239325244
-2.356194490192345 1.0850608336014413 1.0 0.001125239325244
-2.356194490192345 2.056531819988352 1.0 0.001125239325244
0.6413186957303229 0.8952586114613131 1.0 0.001125239325244
-0.6413186957303229 0.8952586114613131 1.0 0.001125239325244
0.6413186957303229 2.2463340421284808 1.0 0.001125239325244
-0.6413186957303229 2.2463340421284808 1.0 0.001125239325244
2.5002739578594704 0.8952586114613131 1.0 0.001125239325244
-2.5002739578594704 0.8952586114613131 1.0 0.001125239325244
2.5002739578594704 2.2463340421284808 1.0 0.001125239325244
-2.5002739578594704 2.2463340421284808 1.0 0.001125239325244
0.9294776310645738 0.895258611461313 1.0 0.001125239325244
2.2121150225252193 0.8952586114613131 1.0 0.001125239325244
0.9294776310645738 2.2463340421284808 1.0 0.001125239325244
2.2121150225252193 2.2463340421284808 1.0 0.001125239325244
-0.9294776310645738 0.895258611461313 1.0 0.001125239325244
-2.2121150225252193 0.8952586114613131 1.0 0.001125239325244
-0.9294776310645738 2.2463340421284808 1.0 0.001125239325244
-2.2121150225252193 2.2463340421284808 1.0 0.001125239325244
0.7853981633974483 1.2189691285785837 1.0 0.001126153271816
0.7853981633974483 1.9226235250112096 1.0 0.001126153271816
-0.7853981633974483 1.2189691285785837 1.0 0.001126153271816
-0.7853981633974483 1.9226235250112096 1.0 0.001126153271816
2.356194490192345 1.2189691285785837 1.0 0.001126153271816
2.356194490192345 1.9226235250112096 1.0 0.001126153271816
-2.356194490192345 1.2189691285785837 1.0 0.001126153271816
-2.356194490192345 1.9226235250112096 1.0 0.001126153271816
0.47885672752538766 0.8449179190207092 1.0 0.001126153271816
-0.47885672752538766 0.8449179190207092 1.0 0.001126153271816
0.47885672752538766 2.296674734569084 1.0 0.001126153271816
-0.47885672752538766 2.296674734569084 1.0 0.001126153271816
2.662735926064406 0.8449179190207092 1.0 0.001126153271816
-2.662735926064406 0.8449179190207092 1.0 0.001126153271816
2.662735926064406 2.296674734569084 1.0 0.001126153271816
-2.662735926064406 2.296674734569084 1.0 0.001126153271816
1.091939599269509 0.8449179190207092 1.0 0.001126153271816
2.0496530543202844 0.8449179190207092 1.0 0.001126153271816
1.091939599269509 2.296674734569084 1.0 0.001126153271816
2.0496530543202844 2.296674734569084 1.0 0.001126153271816
-1.091939599269509 0.8449179190207092 1.0 0.001126153271816
-2.0496530543202844 0.8449179190207092 1.0 0.001126153271816
-1.091939599269509 2.296674734569084 1.0 0.001126153271816
-2.0496530543202844 2.296674734569084 1.0 0.001126153271816
0.7853981633974483 1.3572222159425094 1.0 0.001130286931124
0.7853981633974483 1.7843704376472844 1.0 0.001130286931124
-0.7853981633974483 1.3572222159425094 1.0 0.001130286931124
-0.7853981633974483 1.7843704376472844 1.0 0.001130286931124
2.356194490192345 1.3572222159425094 1.0 0.001130286931124
2.356194490192345 1.7843704376472844 1.0 0.001130286931124
-2.356194490192345 1.3572222159425094 1.0 0.001130286931124
-2.356194490192345 1.7843704376472844 1.0 0.001130286931124
0.2976078858074487 0.8078680071347107 1.0 0.001130286931124
-0.2976078858074487 0.8078680071347107 1.0 0.001130286931124
0.2976078858074487 2.3337246464550825 1.0 0.001130286931124
-0.2976078858074487 2.3337246464550825 1.0 0.001130286931124
2.8439847677823447 0.8078680071347107 1.0 0.001130286931124
-2.8439847677823447 0.8078680071347107 1.0 0.001130286931124
2.8439847677823447 2.3337246464550825 1.0 0.001130286931124
-2.8439847677823447 2.3337246464550825 1.0 0.001130286931124
1.2731884409874483 0.8078680071347107 1.0 0.001130286931124
1.8684042126023452 0.8078680071347107 1.0 0.001130286931124
1.2731884409874483 2.3337246464550825 1.0 0.001130286931124
1.8684042126023452 2.3337246464550825 1.0 0.001130286931124
-1.2731884409874483 0.8078680071347107 1.0 0.001130286931124
-1.8684042126023452 0.8078680071347107 1.0 0.001130286931124
-1.2731884409874483 2.3337246464550825 1.0 0.001130286931124
-1.8684042126023452 2.3337246464550825 1.0 0.001130286931124
0.7853981633974483 1.49911054402039 1.0 0.001134986534364
0.7853981633974483 1.6424821095694033 1.0 0.001134986534364
-0.7853981633974483 1.49911054402039 1.0 0.001134986534364
-0.7853981633974483 1.6424821095694033 1.0 0.001134986534364
2.356194490192345 1.49911054402039 1.0 0.001134986534364
2.356194490192345 1.6424821095694033 1.0 0.001134986534364
-2.356194490192345 1.49911054402039 1.0 0.001134986534364
-2.356194490192345 1.6424821095694033 1.0 0.001134986534364
0.10120605958438528 0.7879632020899497 1.0 0.001134986534364
-0.10120605958438528 0.7879632020899497 1.0 0.001134986534364
0.1012060595843853 2.353629451499844 1.0 0.001134986534364
-0.1012060595843853 2.353629451499844 1.0 0.001134986534364
3.0403865940054082 0.7879632020899497 1.0 0.001134986534364
-3.0403865940054082 0.7879632020899497 1.0 0.001134986534364
3.0403865940054082 2.353629451499844 1.0 0.001134986534364
-3.0403865940054082 2.353629451499844 1.0 0.001134986534364
1.4695902672105108 0.7879632020899497 1.0 0.001134986534364
1.6720023863792826 0.7879632020899497 1.0 0.001134986534364
1.4695902672105108 2.353629451499844 1.0 0.001134986534364
1.6720023863792826 2.353629451499844 1.0 0.001134986534364
-1.4695902672105108 0.7879632020899497 1.0 0.001134986534364
-1.6720023863792826 0.7879632020899497 1.0 0.001134986534364
-1.4695902672105108 2.353629451499844 1.0 0.001134986534364
-1.6720023863792826 2.353629451499844 1.0 0.001134986534364
1.4468102308203972 1.5707963267948966 1.0 0.000682336792711
-1.4468102308203972 1.5707963267948966 1.0 0.000682336792711
1.6947824227693962 1.5707963267948966 1.0 0.000682336792711
-1.6947824227693962 1.5707963267948966 1.0 0.000682336792711
0.12398609597449908 1.5707963267948966 1.0 0.000682336792711
-0.12398609597449908 1.5707963267948966 1.0 0.000682336792711
3.017606557615294 1.5707963267948966 1.0 0.000682336792711
-3.017606557615294 1.5707963267948966 1.0 0.000682336792711
0.0 0.12398609597449904 1.0 0.000682336792711
0.0 3.017606557615295 1.0 0.000682336792711
3.141592653589793 0.12398609597449904 1.0 0.000682336792711
3.141592653589793 3.017606557615295 1.0 0.000682336792711
0.0 1.4468102308203972 1.0 0.000682336792711
0.0 1.6947824227693962 1.0 0.000682336792711
3.141592653589793 1.4468102308203972 1.0 0.000682336792711
3.141592653589793 1.6947824227693962 1.0 0.000682336792711
1.5707963267948966 0.12398609597449904 1.0 0.000682336792711
1.5707963267948966 3.017606557615295 1.0 0.000682336792711
-1.5707963267948966 0.12398609597449904 1.0 0.000682336792711
-1.5707963267948966 3.017606557615295 1.0 0.000682336792711
1.5707963267948966 1.4468102308203972 1.0 0.000682336792711
1.5707963267948966 1.6947824227693962 1.0 0.000682336792711
-1.5707963267948966 1.4468102308203972 1.0 0.000682336792711
-1.5707963267948966 1.6947824227693962 1.0 0.000682336792711
1.2723059090805975 1.5707963267948966 1.0 0.000945415816045
-1.2723059090805975 1.5707963267948966 1.0 0.000945415816045
1.869286744509196 1.5707963267948966 1.0 0.000945415816045
-1.869286744509196 1.5707963267948966 1.0 0.000945415816045
0.29849041771429907 1.5707963267948966 1.0 0.000945415816045
-0.29849041771429907 1.5707963267948966 1.0 0.000945415816045
2.8431022358754943 1.5707963267948966 1.0 0.000945415816045
-2.8431022358754943 1.5707963267948966 1.0 0.000945415816045
0.0 0.29849041771429907 1.0 0.000945415816045
0.0 2.8431022358754947 1.0 0.000945415816045
3.141592653589793 0.29849041771429907 1.0 0.000945415816045
3.141592653589793 2.8431022358754947 1.0 0.000945415816045
0.0 1.2723059090805975 1.0 0.000945415816045
0.0 1.869286744509196 1.0 0.000945415816045
3.141592653589793 1.2723059090805975 1.0 0.000945415816045
3.141592653589793 1.869286744509196 1.0 0.000945415816045
1.5707963267948966 0.29849041771429907 1.0 0.000945415816045
1.5707963267948966 2.8431022358754947 1.0 0.000945415816045
-1.5707963267948966 0.29849041771429907 1.0 0.000945415816045
-1.5707963267948966 2.8431022358754947 1.0 0.000945415816045
1.5707963267948966 1.2723059090805975 1.0 0.000945415816045
1.5707963267948966 1.869286744509196 1.0 0.000945415816045
-1.5707963267948966 1.2723059090805975 1.0 0.000945415816045
-1.5707963267948966 1.869286744509196 1.0 0.000945415816045
1.0817600048947857 1.5707963267948966 1.0 0.001074429975386
-1.0817600048947857 1.5707963267948966 1.0 0.001074429975386
2.0598326486950076 1.5707963267948966 1.0 0.001074429975386
-2.0598326486950076 1.5707963267948966 1.0 0.001074429975386
0.48903632190011087 1.5707963267948966 1.0 0.001074429975386
-0.48903632190011087 1.5707963267948966 1.0 0.001074429975386
2.652556331689683 1.5707963267948966 1.0 0.001074429975386
-2.652556331689683 1.5707963267948966 1.0 0.001074429975386
0.0 0.4890363219001108 1.0 0.001074429975386
0.0 2.652556331689683 1.0 0.001074429975386
3.141592653589793 0.4890363219001108 1.0 0.001074429975386
3.141592653589793 2.652556331689683 1.0 0.001074429975386
0.0 1.0817600048947857 1.0 0.001074429975386
0.0 2.0598326486950076 1.0 0.001074429975386
3.141592653589793 1.0817600048947857 1.0 0.001074429975386
3.141592653589793 2.0598326486950076 1.0 0.001074429975386
1.5707963267948966 0.4890363219001108 1.0 0.001074429975386
1.5707963267948966 2.652556331689683 1.0 0.001074429975386
-1.5707963267948966 0.4890363219001108 1.0 0.001074429975386
-1.5707963267948966 2.652556331689683 1.0 0.001074429975386
1.5707963267948966 1.0817600048947857 1.0 0.001074429975386
1.5707963267948966 2.0598326486950076 1.0 0.001074429975386
-1.5707963267948966 1.0817600048947857 1.0 0.001074429975386
-1.5707963267948966 2.0598326486950076 1.0 0.001074429975386
0.8847844242003114 1.5707963267948966 1.0 0.001129300086569
-0.8847844242003114 1.5707963267948966 1.0 0.001129300086569
2.2568082293894816 1.5707963267948966 1.0 0.001129300086569
-2.2568082293894816 1.5707963267948966 1.0 0.001129300086569
0.6860119025945851 1.5707963267948966 1.0 0.001129300086569
-0.6860119025945851 1.5707963267948966 1.0 0.001129300086569
2.455580750995208 1.5707963267948966 1.0 0.001129300086569
-2.455580750995208 1.5707963267948966 1.0 0.001129300086569
0.0 0.6860119025945851 1.0 0.001129300086569
0.0 2.455580750995208 1.0 0.001129300086569
3.141592653589793 0.6860119025945851 1.0 0.001129300086569
3.141592653589793 2.455580750995208 1.0 0.001129300086569
0.0 0.8847844242003114 1.0 0.001129300086569
0.0 2.2568082293894816 1.0 0.001129300086569
3.141592653589793 0.8847844242003114 1.0 0.001129300086569
3.141592653589793 2.2568082293894816 1.0 0.001129300086569
1.5707963267948966 0.6860119025945851 1.0 0.001129300086569
1.5707963267948966 2.455580750995208 1.0 0.001129300086569
-1.5707963267948966 0.6860119025945851 1.0 0.001129300086569
-1.5707963267948966 2.455580750995208 1.0 0.001129300086569
1.5707963267948966 0.8847844242003114 1.0 0.001129300086569
1.5707963267948966 2.2568082293894816 1.0 0.001129300086569
-1.5707963267948966 0.8847844242003114 1.0 0.001129300086569
-1.5707963267948966 2.2568082293894816 1.0 0.001129300086569
1.2844717187109744 0.21313436183952542 1.0 0.00084368845009
1.2844717187109744 2.9284582917502684 1.0 0.00084368845009
-1.2844717187109744 0.21313436183952542 1.0 0.00084368845009
-1.2844717187109744 2.9284582917502684 1.0 0.00084368845009
1.8571209348788187 0.21313436183952542 1.0 0.00084368845009
1.857120934878819 2.9284582917502684 1.0 0.00084368845009
-1.8571209348788187 0.21313436183952542 1.0 0.00084368845009
-1.857120934878819 2.9284582917502684 1.0 0.00084368845009
1.5097487320425713 1.3664645581270842 1.0 0.00084368845009
1.5097487320425713 1.775128095462709 1.0 0.00084368845009
-1.5097487320425713 1.3664645581270842 1.0 0.00084368845009
-1.5097487320425713 1.775128095462709 1.0 0.00084368845009
1.6318439215472222 1.3664645581270842 1.0 0.00084368845009
1.6318439215472222 1.775128095462709 1.0 0.00084368845009
-1.6318439215472222 1.3664645581270842 1.0 0.00084368845009
-1.6318439215472222 1.775128095462709 1.0 0.00084368845009
0.2863246080839221 0.21313436183952542 1.0 0.00084368845009
0.28632460808392224 2.9284582917502684 1.0 0.00084368845009
-0.2863246080839221 0.21313436183952542 1.0 0.00084368845009
-0.28632460808392224 2.9284582917502684 1.0 0.00084368845009
2.855268045505871 0.21313436183952542 1.0 0.00084368845009
2.855268045505871 2.9284582917502684 1.0 0.00084368845009
-2.855268045505871 0.21313436183952542 1.0 0.00084368845009
-2.855268045505871 2.9284582917502684 1.0 0.00084368845009
1.3660937679633065 1.51102024856936 1.0 0.00084368845009
1.3660937679633065 1.630572405020433 1.0 0.00084368845009
-1.3660937679633065 1.51102024856936 1.0 0.00084368845009
-1.3660937679633065 1.630572405020433 1.0 0.00084368845009
1.775498885626487 1.51102024856936 1.0 0.00084368845009
1.775498885626487 1.630572405020433 1.0 0.00084368845009
-1.775498885626487 1.51102024856936 1.0 0.00084368845009
-1.775498885626487 1.630572405020433 1.0 0.00084368845009
0.06104759475232544 1.3664645581270842 1.0 0.00084368845009
0.06104759475232544 1.775128095462709 1.0 0.00084368845009
-0.06104759475232544 1.3664645581270842 1.0 0.00084368845009
-0.06104759475232544 1.775128095462709 1.0 0.00084368845009
3.0805450588374677 1.3664645581270842 1.0 0.00084368845009
3.0805450588374677 1.775128095462709 1.0 0.00084368845009
-3.0805450588374677 1.3664645581270842 1.0 0.00084368845009
-3.0805450588374677 1.775128095462709 1.0 0.00084368845009
0.20470255883159044 1.51102024856936 1.0 0.00084368845009
0.20470255883159044 1.630572405020433 1.0 0.00084368845009
-0.20470255883159044 1.51102024856936 1.0 0.00084368845009
-0.20470255883159044 1.630572405020433 1.0 0.00084368845009
2.9368900947582026 1.51102024856936 1.0 0.00084368845009
2.9368900947582026 1.630572405020433 1.0 0.00084368845009
-2.9368900947582026 1.51102024856936 1.0 0.00084368845009
-2.9368900947582026 1.630572405020433 1.0 0.00084368845009
1.2803416901970945 0.5010920920050308 1.0 0.001075255720449
1.2803416901970945 2.640500561584763 1.0 0.001075255720449
-1.2803416901970945 0.5010920920050308 1.0 0.001075255720449
-1.2803416901970945 2.640500561584763 1.0 0.001075255720449
1.8612509633926988 0.5010920920050308 1.0 0.001075255720449
1.8612509633926988 2.640500561584763 1.0 0.001075255720449
-1.8612509633926988 0.5010920920050308 1.0 0.001075255720449
-1.8612509633926988 2.640500561584763 1.0 0.001075255720449
1.4152034540995053 1.0925058149246718 1.0 0.001075255720449
1.4152034540995053 2.0490868386651213 1.0 0.001075255720449
-1.4152034540995053 1.0925058149246718 1.0 0.001075255720449
-1.4152034540995053 2.0490868386651213 1.0 0.001075255720449
1.7263891994902878 1.0925058149246718 1.0 0.001075255720449
1.7263891994902878 2.0490868386651213 1.0 0.001075255720449
-1.7263891994902878 1.0925058149246718 1.0 0.001075255720449
-1.7263891994902878 2.0490868386651213 1.0 0.001075255720449
0.2904546365978022 0.5010920920050308 1.0 0.001075255720449
0.2904546365978022 2.640500561584763 1.0 0.001075255720449
-0.2904546365978022 0.5010920920050308 1.0 0.001075255720449
-0.2904546365978022 2.640500561584763 1.0 0.001075255720449
2.851138016991991 0.5010920920050308 1.0 0.001075255720449
2.851138016991991 2.640500561584763 1.0 0.001075255720449
-2.851138016991991 0.5010920920050308 1.0 0.001075255720449
-2.851138016991991 2.640500561584763 1.0 0.001075255720449
1.0875222928699522 1.4327825599403752 1.0 0.001075255720449
1.0875222928699522 1.708810093649418 1.0 0.001075255720449
-1.0875222928699522 1.4327825599403752 1.0 0.001075255720449
-1.0875222928699522 1.708810093649418 1.0 0.001075255720449
2.054070360719841 1.4327825599403752 1.0 0.001075255720449
2.054070360719841 1.7088100936494182 1.0 0.001075255720449
-2.054070360719841 1.4327825599403752 1.0 0.001075255720449
-2.054070360719841 1.7088100936494182 1.0 0.001075255720449
0.155592872695391 1.0925058149246718 1.0 0.001075255720449
0.155592872695391 2.0490868386651213 1.0 0.001075255720449
-0.155592872695391 1.0925058149246718 1.0 0.001075255720449
-0.155592872695391 2.0490868386651213 1.0 0.001075255720449
2.985999780894402 1.0925058149246718 1.0 0.001075255720449
2.985999780894402 2.0490868386651213 1.0 0.001075255720449
-2.985999780894402 1.0925058149246718 1.0 0.001075255720449
-2.985999780894402 2.0490868386651213 1.0 0.001075255720449
0.4832740339249444 1.4327825599403752 1.0 0.001075255720449
0.4832740339249444 1.708810093649418 1.0 0.001075255720449
-0.4832740339249444 1.4327825599403752 1.0 0.001075255720449
-0.4832740339249444 1.708810093649418 1.0 0.001075255720449
2.6583186196648487 1.4327825599403752 1.0 0.001075255720449
2.6583186196648487 1.7088100936494182 1.0 0.001075255720449
-2.6583186196648487 1.4327825599403752 1.0 0.001075255720449
-2.6583186196648487 1.7088100936494182 1.0 0.001075255720449
0.9776871891143828 0.6518838602885556 1.0 0.001108577236864
0.9776871891143828 2.489708793301238 1.0 0.001108577236864
-0.9776871891143828 0.6518838602885556 1.0 0.001108577236864
-0.9776871891143828 2.489708793301238 1.0 0.001108577236864
2.1639054644754108 0.6518838602885556 1.0 0.001108577236864
2.1639054644754108 2.489708793301238 1.0 0.001108577236864
-2.1639054644754108 0.6518838602885556 1.0 0.001108577236864
-2.1639054644754108 2.489708793301238 1.0 0.001108577236864
1.1675933110934318 1.0436519864358127 1.0 0.001108577236864
1.1675933110934318 2.097940667153981 1.0 0.001108577236864
-1.1675933110934318 1.0436519864358127 1.0 0.001108577236864
-1.1675933110934318 2.097940667153981 1.0 0.001108577236864
1.9739993424963618 1.0436519864358127 1.0 0.001108577236864
1.9739993424963618 2.097940667153981 1.0 0.001108577236864
-1.9739993424963618 1.0436519864358127 1.0 0.001108577236864
-1.9739993424963618 2.097940667153981 1.0 0.001108577236864
0.593109137680514 0.6518838602885556 1.0 0.001108577236864
0.593109137680514 2.489708793301238 1.0 0.001108577236864
-0.593109137680514 0.6518838602885556 1.0 0.001108577236864
-0.593109137680514 2.489708793301238 1.0 0.001108577236864
2.54848351590928 0.6518838602885556 1.0 0.001108577236864
2.54848351590928 2.489708793301238 1.0 0.001108577236864
-2.54848351590928 0.6518838602885556 1.0 0.001108577236864
-2.54848351590928 2.489708793301238 1.0 0.001108577236864
1.0065826028974167 1.224834520862354 1.0 0.001108577236864
1.0065826028974167 1.9167581327274394 1.0 0.001108577236864
-1.0065826028974167 1.224834520862354 1.0 0.001108577236864
-1.0065826028974167 1.9167581327274394 1.0 0.001108577236864
2.1350100506923764 1.224834520862354 1.0 0.001108577236864
2.1350100506923764 1.9167581327274394 1.0 0.001108577236864
-2.1350100506923764 1.224834520862354 1.0 0.001108577236864
-2.1350100506923764 1.9167581327274394 1.0 0.001108577236864
0.4032030157014649 1.0436519864358127 1.0 0.001108577236864
0.40320301570146494 2.097940667153981 1.0 0.001108577236864
-0.4032030157014649 1.0436519864358127 1.0 0.001108577236864
-0.40320301570146494 2.097940667153981 1.0 0.001108577236864
2.738389637888329 1.0436519864358127 1.0 0.001108577236864
2.738389637888329 2.097940667153981 1.0 0.001108577236864
-2.738389637888329 1.0436519864358127 1.0 0.001108577236864
-2.738389637888329 2.097940667153981 1.0 0.001108577236864
0.5642137238974797 1.224834520862354 1.0 0.001108577236864
0.5642137238974797 1.9167581327274394 1.0 0.001108577236864
-0.5642137238974797 1.224834520862354 1.0 0.001108577236864
-0.5642137238974797 1.9167581327274394 1.0 0.001108577236864
2.5773789296923137 1.224834520862354 1.0 0.001108577236864
2.5773789296923137 1.9167581327274394 1.0 0.001108577236864
-2.5773789296923137 1.224834520862354 1.0 0.001108577236864
-2.5773789296923137 1.9167581327274394 1.0 0.001108577236864
1.146835481933131 0.3142768651838654 1.0 0.000956647532378
1.146835481933131 2.8273157884059277 1.0 0.000956647532378
-1.146835481933131 0.3142768651838654 1.0 0.000956647532378
-1.146835481933131 2.8273157884059277 1.0 0.000956647532378
1.9947571716566628 0.3142768651838654 1.0 0.000956647532378
1.9947571716566628 2.8273157884059277 1.0 0.000956647532378
-1.9947571716566628 0.3142768651838654 1.0 0.000956647532378
-1.9947571716566628 2.8273157884059277 1.0 0.000956647532378
1.4378678947221721 1.2851677234370784 1.0 0.000956647532378
1.4378678947221721 1.8564249301527151 1.0 0.000956647532378
-1.4378678947221721 1.2851677234370784 1.0 0.000956647532378
-1.4378678947221721 1.8564249301527151 1.0 0.000956647532378
1.7037247588676212 1.2851677234370784 1.0 0.000956647532378
1.7037247588676212 1.8564249301527151 1.0 0.000956647532378
-1.7037247588676212 1.2851677234370784 1.0 0.000956647532378
-1.7037247588676212 1.8564249301527151 1.0 0.000956647532378
0.4239608448617657 0.3142768651838654 1.0 0.000956647532378
0.4239608448617657 2.8273157884059277 1.0 0.000956647532378
-0.4239608448617657 0.3142768651838654 1.0 0.000956647532378
-0.4239608448617657 2.8273157884059277 1.0 0.000956647532378
2.7176318087280276 0.3142768651838654 1.0 0.000956647532378
2.7176318087280276 2.8273157884059277 1.0 0.000956647532378
-2.7176318087280276 0.3142768651838654 1.0 0.000956647532378
-2.7176318087280276 2.8273157884059277 1.0 0.000956647532378
1.2827632205245156 1.4432835392032182 1.0 0.000956647532378
1.2827632205245156 1.6983091143865754 1.0 0.000956647532378
-1.2827632205245156 1.4432835392032182 1.0 0.000956647532378
-1.2827632205245156 1.6983091143865754 1.0 0.000956647532378
1.8588294330652777 1.4432835392032182 1.0 0.000956647532378
1.8588294330652777 1.6983091143865754 1.0 0.000956647532378
-1.8588294330652777 1.4432835392032182 1.0 0.000956647532378
-1.8588294330652777 1.6983091143865754 1.0 0.000956647532378
0.13292843207272484 1.2851677234370784 1.0 0.000956647532378
0.13292843207272487 1.8564249301527151 1.0 0.000956647532378
-0.13292843207272484 1.2851677234370784 1.0 0.000956647532378
-0.13292843207272487 1.8564249301527151 1.0 0.000956647532378
3.0086642215170687 1.2851677234370784 1.0 0.000956647532378
3.0086642215170687 1.8564249301527151 1.0 0.000956647532378
-3.0086642215170687 1.2851677234370784 1.0 0.000956647532378
-3.0086642215170687 1.8564249301527151 1.0 0.000956647532378
0.28803310627038115 1.4432835392032182 1.0 0.000956647532378
0.28803310627038115 1.6983091143865754 1.0 0.000956647532378
-0.28803310627038115 1.4432835392032182 1.0 0.000956647532378
-0.28803310627038115 1.6983091143865754 1.0 0.000956647532378
2.853559547319412 1.4432835392032182 1.0 0.000956647532378
2.853559547319412 1.6983091143865754 1.0 0.000956647532378
-2.853559547319412 1.4432835392032182 1.0 0.000956647532378
-2.853559547319412 1.6983091143865754 1.0 0.000956647532378
1.014542082067774 0.5352454525044077 1.0 0.001080663250717
1.014542082067774 2.6063472010853856 1.0 0.001080663250717
-1.014542082067774 0.5352454525044077 1.0 0.001080663250717
-1.014542082067774 2.6063472010853856 1.0 0.001080663250717
2.127050571522019 0.5352454525044077 1.0 0.001080663250717
2.127050571522019 2.6063472010853856 1.0 0.001080663250717
-2.127050571522019 0.5352454525044077 1.0 0.001080663250717
-2.127050571522019 2.6063472010853856 1.0 0.001080663250717
1.2673637084143072 1.122804805502996 1.0 0.001080663250717
1.2673637084143072 2.0187878480867973 1.0 0.001080663250717
-1.2673637084143072 1.122804805502996 1.0 0.001080663250717
-1.2673637084143072 2.0187878480867973 1.0 0.001080663250717
1.8742289451754859 1.122804805502996 1.0 0.001080663250717
1.874228945175486 2.0187878480867973 1.0 0.001080663250717
-1.8742289451754859 1.122804805502996 1.0 0.001080663250717
-1.874228945175486 2.0187878480867973 1.0 0.001080663250717
0.5562542447271226 0.5352454525044077 1.0 0.001080663250717
0.5562542447271225 2.6063472010853856 1.0 0.001080663250717
-0.5562542447271226 0.5352454525044077 1.0 0.001080663250717
-0.5562542447271225 2.6063472010853856 1.0 0.001080663250717
2.585338408862671 0.5352454525044077 1.0 0.001080663250717
2.585338408862671 2.6063472010853856 1.0 0.001080663250717
-2.585338408862671 0.5352454525044077 1.0 0.001080663250717
-2.585338408862671 2.6063472010853856 1.0 0.001080663250717
1.104284105302142 1.2981176846358142 1.0 0.001080663250717
1.104284105302142 1.8434749689539789 1.0 0.001080663250717
-1.104284105302142 1.2981176846358142 1.0 0.001080663250717
-1.104284105302142 1.8434749689539789 1.0 0.001080663250717
2.037308548287651 1.2981176846358142 1.0 0.001080663250717
2.037308548287651 1.8434749689539789 1.0 0.001080663250717
-2.037308548287651 1.2981176846358142 1.0 0.001080663250717
-2.037308548287651 1.8434749689539789 1.0 0.001080663250717
0.30343261838058944 1.122804805502996 1.0 0.001080663250717
0.3034326183805895 2.0187878480867973 1.0 0.001080663250717
-0.30343261838058944 1.122804805502996 1.0 0.001080663250717
-0.3034326183805895 2.0187878480867973 1.0 0.001080663250717
2.838160035209204 1.122804805502996 1.0 0.001080663250717
2.838160035209204 2.0187878480867973 1.0 0.001080663250717
-2.838160035209204 1.122804805502996 1.0 0.001080663250717
-2.838160035209204 2.0187878480867973 1.0 0.001080663250717
0.46651222149275484 1.2981176846358142 1.0 0.001080663250717
0.46651222149275484 1.843474968953979 1.0 0.001080663250717
-0.46651222149275484 1.2981176846358142 1.0 0.001080663250717
-0.46651222149275484 1.843474968953979 1.0 0.001080663250717
2.6750804320970385 1.2981176846358142 1.0 0.001080663250717
2.6750804320970385 1.8434749689539789 1.0 0.001080663250717
-2.6750804320970385 1.2981176846358142 1.0 0.001080663250717
-2.6750804320970385 1.8434749689539789 1.0 0.001080663250717
1.347634334805823 0.696484527185878 1.0 0.001126797131196
1.347634334805823 2.445108126403915 1.0 0.001126797131196
-1.347634334805823 0.696484527185878 1.0 0.001126797131196
-1.347634334805823 2.445108126403915 1.0 0.001126797131196
1.7939583187839707 0.696484527185878 1.0 0.001126797131196
1.7939583187839707 2.445108126403915 1.0 0.001126797131196
-1.7939583187839707 0.696484527185878 1.0 0.001126797131196
-1.7939583187839707 2.445108126403915 1.0 0.001126797131196
1.3877829580880248 0.8948744895484232 1.0 0.001126797131196
1.3877829580880248 2.2467181640413703 1.0 0.001126797131196
-1.3877829580880248 0.8948744895484232 1.0 0.001126797131196
-1.3877829580880248 2.2467181640413703 1.0 0.001126797131196
1.7538096955017686 0.8948744895484232 1.0 0.001126797131196
1.7538096955017686 2.2467181640413703 1.0 0.001126797131196
-1.7538096955017686 0.8948744895484232 1.0 0.001126797131196
-1.7538096955017686 2.2467181640413703 1.0 0.001126797131196
0.22316199198907363 0.696484527185878 1.0 0.001126797131196
0.22316199198907363 2.445108126403915 1.0 0.001126797131196
-0.22316199198907363 0.696484527185878 1.0 0.001126797131196
-0.22316199198907363 2.445108126403915 1.0 0.001126797131196
2.91843066160072 0.6964845271858778 1.0 0.001126797131196
2.91843066160072 2.445108126403915 1.0 0.001126797131196
-2.91843066160072 0.6964845271858778 1.0 0.001126797131196
-2.91843066160072 2.445108126403915 1.0 0.001126797131196
0.8866402095306908 1.428336302598283 1.0 0.001126797131196
0.8866402095306908 1.7132563509915102 1.0 0.001126797131196
-0.8866402095306908 1.428336302598283 1.0 0.001126797131196
-0.8866402095306908 1.7132563509915102 1.0 0.001126797131196
2.2549524440591022 1.428336302598283 1.0 0.001126797131196
2.2549524440591022 1.7132563509915102 1.0 0.001126797131196
-2.2549524440591022 1.428336302598283 1.0 0.001126797131196
-2.2549524440591022 1.7132563509915102 1.0 0.001126797131196
0.18301336870687213 0.8948744895484232 1.0 0.001126797131196
0.18301336870687215 2.2467181640413703 1.0 0.001126797131196
-0.18301336870687213 0.8948744895484232 1.0 0.001126797131196
-0.18301336870687215 2.2467181640413703 1.0 0.001126797131196
2.9585792848829215 0.8948744895484232 1.0 0.001126797131196
2.9585792848829215 2.2467181640413703 1.0 0.001126797131196
-2.9585792848829215 0.8948744895484232 1.0 0.001126797131196
-2.9585792848829215 2.2467181640413703 1.0 0.001126797131196
0.6841561172642058 1.428336302598283 1.0 0.001126797131196
0.6841561172642058 1.7132563509915102 1.0 0.001126797131196
-0.6841561172642058 1.428336302598283 1.0 0.001126797131196
-0.6841561172642058 1.7132563509915102 1.0 0.001126797131196
2.457436536325588 1.428336302598283 1.0 0.001126797131196
2.457436536325588 1.7132563509915102 1.0 0.001126797131196
-2.457436536325588 1.428336302598283 1.0 0.001126797131196
-2.457436536325588 1.7132563509915102 1.0 0.001126797131196
1.3959649614525338 0.395987514452789 1.0 0.001022568715358
1.395964961452534 2.7456051391370044 1.0 0.001022568715358
-1.3959649614525338 0.395987514452789 1.0 0.001022568715358
-1.395964961452534 2.7456051391370044 1.0 0.001022568715358
1.7456276921372595 0.395987514452789 1.0 0.001022568715358
1.7456276921372595 2.7456051391370044 1.0 0.001022568715358
-1.7456276921372595 0.395987514452789 1.0 0.001022568715358
-1.7456276921372595 2.7456051391370044 1.0 0.001022568715358
1.4982038892706024 1.1811735167431068 1.0 0.001022568715358
1.4982038892706024 1.9604191368466868 1.0 0.001022568715358
-1.4982038892706024 1.1811735167431068 1.0 0.001022568715358
-1.4982038892706024 1.9604191368466868 1.0 0.001022568715358
1.6433887643191911 1.1811735167431068 1.0 0.001022568715358
1.6433887643191911 1.9604191368466868 1.0 0.001022568715358
-1.6433887643191911 1.1811735167431068 1.0 0.001022568715358
-1.6433887643191911 1.9604191368466868 1.0 0.001022568715358
0.17483136534236304 0.395987514452789 1.0 0.001022568715358
0.17483136534236315 2.7456051391370044 1.0 0.001022568715358
-0.17483136534236304 0.395987514452789 1.0 0.001022568715358
-0.17483136534236315 2.7456051391370044 1.0 0.001022568715358
2.9667612882474304 0.395987514452789 1.0 0.001022568715358
2.966761288247431 2.7456051391370044 1.0 0.001022568715358
-2.9667612882474304 0.395987514452789 1.0 0.001022568715358
-2.966761288247431 2.7456051391370044 1.0 0.001022568715358
1.1802460288074352 1.503653042702088 1.0 0.001022568715358
1.1802460288074352 1.6379396108877053 1.0 0.001022568715358
-1.1802460288074352 1.503653042702088 1.0 0.001022568715358
-1.1802460288074352 1.6379396108877053 1.0 0.001022568715358
1.961346624782358 1.503653042702088 1.0 0.001022568715358
1.961346624782358 1.6379396108877053 1.0 0.001022568715358
-1.961346624782358 1.503653042702088 1.0 0.001022568715358
-1.961346624782358 1.6379396108877053 1.0 0.001022568715358
0.07259243752429423 1.1811735167431068 1.0 0.001022568715358
0.07259243752429423 1.9604191368466868 1.0 0.001022568715358
-0.07259243752429423 1.1811735167431068 1.0 0.001022568715358
-0.07259243752429423 1.9604191368466868 1.0 0.001022568715358
3.0690002160654988 1.1811735167431068 1.0 0.001022568715358
3.0690002160654988 1.9604191368466868 1.0 0.001022568715358
-3.0690002160654988 1.1811735167431068 1.0 0.001022568715358
-3.0690002160654988 1.9604191368466868 1.0 0.001022568715358
0.39055029798746144 1.503653042702088 1.0 0.001022568715358
0.39055029798746144 1.6379396108877053 1.0 0.001022568715358
-0.39055029798746144 1.503653042702088 1.0 0.001022568715358
-0.39055029798746144 1.6379396108877053 1.0 0.001022568715358
2.751042355602332 1.503653042702088 1.0 0.001022568715358
2.751042355602332 1.6379396108877053 1.0 0.001022568715358
-2.751042355602332 1.503653042702088 1.0 0.001022568715358
-2.751042355602332 1.6379396108877053 1.0 0.001022568715358
1.44357183894758 0.5898618141028261 1.0 0.001108960267713
1.44357183894758 2.551730839486967 1.0 0.001108960267713
-1.44357183894758 0.5898618141028261 1.0 0.001108960267713
-1.44357183894758 2.551730839486967 1.0 0.001108960267713
1.6980208146422133 0.5898618141028261 1.0 0.001108960267713
1.6980208146422133 2.551730839486967 1.0 0.001108960267713
-1.6980208146422133 0.5898618141028261 1.0 0.001108960267713
-1.6980208146422133 2.551730839486967 1.0 0.001108960267713
1.486070772281352 0.9863345944081675 1.0 0.001108960267713
1.486070772281352 2.1552580591816257 1.0 0.001108960267713
-1.486070772281352 0.9863345944081675 1.0 0.001108960267713
-1.486070772281352 2.1552580591816257 1.0 0.001108960267713
1.6555218813084416 0.9863345944081674 1.0 0.001108960267713
1.6555218813084416 2.1552580591816257 1.0 0.001108960267713
-1.6555218813084416 0.9863345944081674 1.0 0.001108960267713
-1.6555218813084416 2.1552580591816257 1.0 0.001108960267713
0.12722448784731671 0.5898618141028261 1.0 0.001108960267713
0.12722448784731671 2.551730839486967 1.0 0.001108960267713
-0.12722448784731671 0.5898618141028261 1.0 0.001108960267713
-0.12722448784731671 2.551730839486967 1.0 0.001108960267713
3.0143681657424772 0.5898618141028261 1.0 0.001108960267713
3.0143681657424772 2.551730839486967 1.0 0.001108960267713
-3.0143681657424772 0.5898618141028261 1.0 0.001108960267713
-3.0143681657424772 2.551730839486967 1.0 0.001108960267713
0.9846798261234677 1.5001602202818465 1.0 0.001108960267713
0.9846798261234677 1.641432433307947 1.0 0.001108960267713
-0.9846798261234677 1.5001602202818465 1.0 0.001108960267713
-0.9846798261234677 1.641432433307947 1.0 0.001108960267713
2.1569128274663254 1.5001602202818465 1.0 0.001108960267713
2.1569128274663254 1.641432433307947 1.0 0.001108960267713
-2.1569128274663254 1.5001602202818465 1.0 0.001108960267713
-2.1569128274663254 1.641432433307947 1.0 0.001108960267713
0.08472555451354538 0.9863345944081674 1.0 0.001108960267713
0.08472555451354538 2.1552580591816257 1.0 0.001108960267713
-0.08472555451354538 0.9863345944081674 1.0 0.001108960267713
-0.08472555451354538 2.1552580591816257 1.0 0.001108960267713
3.0568670990762477 0.9863345944081674 1.0 0.001108960267713
3.0568670990762477 2.1552580591816257 1.0 0.001108960267713
-3.0568670990762477 0.9863345944081674 1.0 0.001108960267713
-3.0568670990762477 2.1552580591816257 1.0 0.001108960267713
0.5861165006714287 1.5001602202818465 1.0 0.001108960267713
0.5861165006714287 1.641432433307947 1.0 0.001108960267713
-0.5861165006714287 1.5001602202818465 1.0 0.001108960267713
-0.5861165006714287 1.641432433307947 1.0 0.001108960267713
2.5554761529183647 1.5001602202818465 1.0 0.001108960267713
2.5554761529183647 1.641432433307947 1.0 0.001108960267713
-2.5554761529183647 1.5001602202818465 1.0 0.001108960267713
-2.5554761529183647 1.641432433307947 1.0 0.001108960267713
1.1382535686381714 0.7263242469589386 1.0 0.001122790653436
1.1382535686381714 2.4152684066308545 1.0 0.001122790653436
-1.1382535686381714 0.7263242469589386 1.0 0.001122790653436
-1.1382535686381714 2.4152684066308545 1.0 0.001122790653436
2.003339084951622 0.7263242469589386 1.0 0.001122790653436
2.003339084951622 2.4152684066308545 1.0 0.001122790653436
-2.003339084951622 0.7263242469589386 1.0 0.001122790653436
-2.003339084951622 2.4152684066308545 1.0 0.001122790653436
1.214336501366638 0.9235876602494371 1.0 0.001122790653436
1.214336501366638 2.2180049933403563 1.0 0.001122790653436
-1.214336501366638 0.9235876602494371 1.0 0.001122790653436
-1.214336501366638 2.2180049933403563 1.0 0.001122790653436
1.9272561522231553 0.9235876602494371 1.0 0.001122790653436
1.9272561522231553 2.2180049933403563 1.0 0.001122790653436
-1.9272561522231553 0.9235876602494371 1.0 0.001122790653436
-1.9272561522231553 2.2180049933403563 1.0 0.001122790653436
0.43254275815672544 0.7263242469589386 1.0 0.001122790653436
0.43254275815672544 2.4152684066308545 1.0 0.001122790653436
-0.43254275815672544 0.7263242469589386 1.0 0.001122790653436
-0.43254275815672544 2.4152684066308545 1.0 0.001122790653436
2.709049895433068 0.7263242469589386 1.0 0.001122790653436
2.709049895433068 2.4152684066308545 1.0 0.001122790653436
-2.709049895433068 0.7263242469589386 1.0 0.001122790653436
-2.709049895433068 2.4152684066308545 1.0 0.001122790653436
0.8920997418384347 1.2886800913690697 1.0 0.001122790653436
0.8920997418384347 1.8529125622207234 1.0 0.001122790653436
-0.8920997418384347 1.2886800913690697 1.0 0.001122790653436
-0.8920997418384347 1.8529125622207234 1.0 0.001122790653436
2.249492911751359 1.2886800913690697 1.0 0.001122790653436
2.249492911751359 1.8529125622207234 1.0 0.001122790653436
-2.249492911751359 1.2886800913690697 1.0 0.001122790653436
-2.249492911751359 1.8529125622207234 1.0 0.001122790653436
0.3564598254282586 0.9235876602494371 1.0 0.001122790653436
0.3564598254282586 2.2180049933403563 1.0 0.001122790653436
-0.3564598254282586 0.9235876602494371 1.0 0.001122790653436
-0.3564598254282586 2.2180049933403563 1.0 0.001122790653436
2.785132828161535 0.9235876602494371 1.0 0.001122790653436
2.785132828161535 2.2180049933403563 1.0 0.001122790653436
-2.785132828161535 0.9235876602494371 1.0 0.001122790653436
-2.785132828161535 2.2180049933403563 1.0 0.001122790653436
0.6786965849564621 1.2886800913690697 1.0 0.001122790653436
0.6786965849564621 1.8529125622207234 1.0 0.001122790653436
-0.6786965849564621 1.2886800913690697 1.0 0.001122790653436
-0.6786965849564621 1.8529125622207234 1.0 0.001122790653436
2.4628960686333317 1.2886800913690697 1.0 0.001122790653436
2.4628960686333317 1.8529125622207234 1.0 0.001122790653436
-2.4628960686333317 1.2886800913690697 1.0 0.001122790653436
-2.4628960686333317 1.8529125622207234 1.0 0.001122790653436
1.0668212152243122 0.4223739182051457 1.0 0.001032401847117
1.0668212152243122 2.7192187353846475 1.0 0.001032401847117
-1.0668212152243122 0.4223739182051457 1.0 0.001032401847117
-1.0668212152243122 2.7192187353846475 1.0 0.001032401847117
2.074771438365481 0.4223739182051457 1.0 0.001032401847117
2.074771438365481 2.7192187353846475 1.0 0.001032401847117
-2.074771438365481 0.4223739182051457 1.0 0.001032401847117
-2.074771438365481 2.7192187353846475 1.0 0.001032401847117
1.3570797872576534 1.2036422565880658 1.0 0.001032401847117
1.3570797872576534 1.9379503970017276 1.0 0.001032401847117
-1.3570797872576534 1.2036422565880658 1.0 0.001032401847117
-1.3570797872576534 1.9379503970017276 1.0 0.001032401847117
1.78451286633214 1.2036422565880658 1.0 0.001032401847117
1.78451286633214 1.9379503970017276 1.0 0.001032401847117
-1.78451286633214 1.2036422565880658 1.0 0.001032401847117
-1.78451286633214 1.9379503970017276 1.0 0.001032401847117
0.5039751115705844 0.4223739182051457 1.0 0.001032401847117
0.5039751115705844 2.7192187353846475 1.0 0.001032401847117
-0.5039751115705844 0.4223739182051457 1.0 0.001032401847117
-0.5039751115705844 2.7192187353846475 1.0 0.001032401847117
2.6376175420192087 0.4223739182051457 1.0 0.001032401847117
2.6376175420192087 2.7192187353846475 1.0 0.001032401847117
-2.6376175420192087 0.4223739182051457 1.0 0.001032401847117
-2.6376175420192087 2.7192187353846475 1.0 0.001032401847117
1.1958660060621467 1.3715221801665984 1.0 0.001032401847117
1.1958660060621467 1.770070473423195 1.0 0.001032401847117
-1.1958660060621467 1.3715221801665984 1.0 0.001032401847117
-1.1958660060621467 1.770070473423195 1.0 0.001032401847117
1.9457266475276465 1.3715221801665984 1.0 0.001032401847117
1.9457266475276465 1.770070473423195 1.0 0.001032401847117
-1.9457266475276465 1.3715221801665984 1.0 0.001032401847117
-1.9457266475276465 1.770070473423195 1.0 0.001032401847117
0.21371653953724346 1.2036422565880658 1.0 0.001032401847117
0.21371653953724348 1.9379503970017276 1.0 0.001032401847117
-0.21371653953724346 1.2036422565880658 1.0 0.001032401847117
-0.21371653953724348 1.9379503970017276 1.0 0.001032401847117
2.92787611405255 1.2036422565880658 1.0 0.001032401847117
2.9278761140525495 1.9379503970017276 1.0 0.001032401847117
-2.92787611405255 1.2036422565880658 1.0 0.001032401847117
-2.9278761140525495 1.9379503970017276 1.0 0.001032401847117
0.37493032073274996 1.3715221801665984 1.0 0.001032401847117
0.37493032073274996 1.770070473423195 1.0 0.001032401847117
-0.37493032073274996 1.3715221801665984 1.0 0.001032401847117
-0.37493032073274996 1.770070473423195 1.0 0.001032401847117
2.7666623328570434 1.3715221801665984 1.0 0.001032401847117
2.7666623328570434 1.770070473423195 1.0 0.001032401847117
-2.7666623328570434 1.3715221801665984 1.0 0.001032401847117
-2.7666623328570434 1.770070473423195 1.0 0.001032401847117
1.1987249014408135 0.6115683799553363 1.0 0.001107249382284
1.1987249014408135 2.5300242736344574 1.0 0.001107249382284
-1.1987249014408135 0.6115683799553363 1.0 0.001107249382284
-1.1987249014408135 2.5300242736344574 1.0 0.001107249382284
1.94286775214898 0.6115683799553363 1.0 0.001107249382284
1.9428677521489803 2.530024273634457 1.0 0.001107249382284
-1.94286775214898 0.6115683799553363 1.0 0.001107249382284
-1.9428677521489803 2.530024273634457 1.0 0.001107249382284
1.3211748825540521 1.0064464173809158 1.0 0.001107249382284
1.3211748825540521 2.1351462362088776 1.0 0.001107249382284
-1.3211748825540521 1.0064464173809158 1.0 0.001107249382284
-1.3211748825540521 2.1351462362088776 1.0 0.001107249382284
1.820417771035741 1.0064464173809158 1.0 0.001107249382284
1.820417771035741 2.1351462362088776 1.0 0.001107249382284
-1.820417771035741 1.0064464173809158 1.0 0.001107249382284
-1.820417771035741 2.1351462362088776 1.0 0.001107249382284
0.3720714253540832 0.6115683799553363 1.0 0.001107249382284
0.3720714253540833 2.5300242736344574 1.0 0.001107249382284
-0.3720714253540832 0.6115683799553363 1.0 0.001107249382284
-0.3720714253540833 2.5300242736344574 1.0 0.001107249382284
2.7695212282357105 0.6115683799553363 1.0 0.001107249382284
2.76952122823571 2.530024273634457 1.0 0.001107249382284
-2.7695212282357105 0.6115683799553363 1.0 0.001107249382284
-2.76952122823571 2.530024273634457 1.0 0.001107249382284
0.9921233839168558 1.3605194293521365 1.0 0.001107249382284
0.9921233839168558 1.7810732242376566 1.0 0.001107249382284
-0.9921233839168558 1.3605194293521365 1.0 0.001107249382284
-0.9921233839168558 1.7810732242376566 1.0 0.001107249382284
2.1494692696729376 1.3605194293521365 1.0 0.001107249382284
2.1494692696729376 1.7810732242376566 1.0 0.001107249382284
-2.1494692696729376 1.3605194293521365 1.0 0.001107249382284
-2.1494692696729376 1.7810732242376566 1.0 0.001107249382284
0.24962144424084456 1.0064464173809158 1.0 0.001107249382284
0.24962144424084445 2.1351462362088776 1.0 0.001107249382284
-0.24962144424084456 1.0064464173809158 1.0 0.001107249382284
-0.24962144424084445 2.1351462362088776 1.0 0.001107249382284
2.891971209348949 1.0064464173809158 1.0 0.001107249382284
2.891971209348949 2.1351462362088776 1.0 0.001107249382284
-2.891971209348949 1.0064464173809158 1.0 0.001107249382284
-2.891971209348949 2.1351462362088776 1.0 0.001107249382284
0.5786729428780409 1.3605194293521365 1.0 0.001107249382284
0.5786729428780409 1.7810732242376566 1.0 0.001107249382284
-0.5786729428780409 1.3605194293521365 1.0 0.001107249382284
-0.5786729428780409 1.7810732242376566 1.0 0.001107249382284
2.5629197107117525 1.3605194293521365 1.0 0.001107249382284
2.5629197107117525 1.7810732242376566 1.0 0.001107249382284
-2.5629197107117525 1.3605194293521365 1.0 0.001107249382284
-2.5629197107117525 1.7810732242376566 1.0 0.001107249382284
0.9503657220266918 0.7718926482064131 1.0 0.00112178004852
0.9503657220266918 2.36970000538338 1.0 0.00112178004852
-0.9503657220266918 0.7718926482064131 1.0 0.00112178004852
-0.9503657220266918 2.36970000538338 1.0 0.00112178004852
2.1912269315631017 0.771892648206413 1.0 0.00112178004852
2.1912269315631017 2.3697000053833803 1.0 0.00112178004852
-2.1912269315631017 0.771892648206413 1.0 0.00112178004852
-2.1912269315631017 2.3697000053833803 1.0 0.00112178004852
1.0558353467087092 0.9673302475304113 1.0 0.00112178004852
1.0558353467087092 2.174262406059382 1.0 0.00112178004852
-1.0558353467087092 0.9673302475304113 1.0 0.00112178004852
-1.0558353467087092 2.174262406059382 1.0 0.00112178004852
2.085757306881084 0.9673302475304113 1.0 0.00112178004852
2.085757306881084 2.174262406059382 1.0 0.00112178004852
-2.085757306881084 0.9673302475304113 1.0 0.00112178004852
-2.085757306881084 2.174262406059382 1.0 0.00112178004852
0.6204306047682048 0.7718926482064131 1.0 0.00112178004852
0.6204306047682048 2.36970000538338 1.0 0.00112178004852
-0.6204306047682048 0.7718926482064131 1.0 0.00112178004852
-0.6204306047682048 2.36970000538338 1.0 0.00112178004852
2.5211620488215885 0.7718926482064131 1.0 0.00112178004852
2.5211620488215885 2.36970000538338 1.0 0.00112178004852
-2.5211620488215885 0.7718926482064131 1.0 0.00112178004852
-2.5211620488215885 2.36970000538338 1.0 0.00112178004852
0.9009876553171728 1.1532572117670186 1.0 0.00112178004852
0.9009876553171728 1.9883354418227748 1.0 0.00112178004852
-0.9009876553171728 1.1532572117670186 1.0 0.00112178004852
-0.9009876553171728 1.9883354418227748 1.0 0.00112178004852
2.2406049982726204 1.1532572117670186 1.0 0.00112178004852
2.2406049982726204 1.9883354418227748 1.0 0.00112178004852
-2.2406049982726204 1.1532572117670186 1.0 0.00112178004852
-2.2406049982726204 1.9883354418227748 1.0 0.00112178004852
0.5149609800861874 0.9673302475304113 1.0 0.00112178004852
0.5149609800861874 2.174262406059382 1.0 0.00112178004852
-0.5149609800861874 0.9673302475304113 1.0 0.00112178004852
-0.5149609800861874 2.174262406059382 1.0 0.00112178004852
2.626631673503606 0.9673302475304113 1.0 0.00112178004852
2.626631673503606 2.174262406059382 1.0 0.00112178004852
-2.626631673503606 0.9673302475304113 1.0 0.00112178004852
-2.626631673503606 2.174262406059382 1.0 0.00112178004852
0.6698086714777238 1.1532572117670186 1.0 0.00112178004852
0.6698086714777238 1.9883354418227748 1.0 0.00112178004852
-0.6698086714777238 1.1532572117670186 1.0 0.00112178004852
-0.6698086714777238 1.9883354418227748 1.0 0.00112178004852
2.4717839821120693 1.1532572117670186 1.0 0.00112178004852
2.4717839821120693 1.9883354418227748 1.0 0.00112178004852
-2.4717839821120693 1.1532572117670186 1.0 0.00112178004852
-2.4717839821120693 1.9883354418227748 1.0 0.00112178004852
