0.0 1.5707963267948966 1.0 7.7771607433e-05
3.141592653589793 1.5707963267948966 1.0 7.7771607433e-05
1.5707963267948966 1.5707963267948966 1.0 7.7771607433e-05
-1.5707963267948966 1.5707963267948966 1.0 7.7771607433e-05
0.0 0.0 1.0 7.7771607433e-05
0.0 3.141592653589793 1.0 7.7771607433e-05
0.7853981633974483 0.9553166181245093 1.0 0.0007557646413
0.7853981633974483 2.186276035465284 1.0 0.0007557646413
-0.7853981633974483 0.9553166181245093 1.0 0.0007557646413
-0.7853981633974483 2.186276035465284 1.0 0.0007557646413
2.356194490192345 0.9553166181245093 1.0 0.0007557646413
2.356194490192345 2.186276035465284 1.0 0.0007557646413
-2.356194490192345 0.9553166181245093 1.0 0.0007557646413
-2.356194490192345 2.186276035465284 1.0 0.0007557646413
0.7853981633974499 0.045684956500384774 1.0 0.000284163380609
0.7853981633974483 3.0959076970894084 1.0 0.000284163380609
-0.7853981633974499 0.045684956500384774 1.0 0.000284163380609
-0.7853981633974483 3.0959076970894084 1.0 0.000284163380609
2.356194490192345 0.045684956500384774 1.0 0.000284163380609
2.356194490192345 3.0959076970894084 1.0 0.000284163380609
-2.356194490192345 0.045684956500384774 1.0 0.000284163380609
-2.356194490192345 3.0959076970894084 1.0 0.000284163380609
1.5384809448326804 1.538497804846809 1.0 0.000284163380609
-1.5384809448326804 1.538497804846809 1.0 0.000284163380609
1.5384809448326804 1.6030948487429841 1.0 0.000284163380609
-1.5384809448326804 1.6030948487429841 1.0 0.000284163380609
1.6031117087571127 1.538497804846809 1.0 0.000284163380609
-1.6031117087571127 1.538497804846809 1.0 0.000284163380609
1.6031117087571127 1.6030948487429841 1.0 0.000284163380609
-1.6031117087571127 1.6030948487429841 1.0 0.000284163380609
0.03231538196221495 1.538497804846809 1.0 0.000284163380609
3.1092772716275783 1.538497804846809 1.0 0.000284163380609
0.03231538196221495 1.6030948487429841 1.0 0.000284163380609
3.1092772716275783 1.6030948487429841 1.0 0.000284163380609
-0.03231538196221495 1.538497804846809 1.0 0.000284163380609
-3.1092772716275783 1.538497804846809 1.0 0.000284163380609
-0.03231538196221495 1.6030948487429841 1.0 0.000284163380609
-3.1092772716275783 1.6030948487429841 1.0 0.000284163380609
0.7853981633974483 0.11390270449165049 1.0 0.000437441912705
0.785398163397449 3.027689949098143 1.0 0.000437441912705
-0.7853981633974483 0.11390270449165049 1.0 0.000437441912705
-0.785398163397449 3.027689949098143 1.0 0.000437441912705
2.356194490192345 0.11390270449165049 1.0 0.000437441912705
2.356194490192345 3.027689949098143 1.0 0.000437441912705
-2.356194490192345 0.11390270449165049 1.0 0.000437441912705
-2.356194490192345 3.027689949098143 1.0 0.000437441912705
1.4900805716350516 1.4903422274513691 1.0 0.000437441912705
-1.4900805716350516 1.4903422274513691 1.0 0.000437441912705
1.4900805716350516 1.6512504261384242 1.0 0.000437441912705
-1.4900805716350516 1.6512504261384242 1.0 0.000437441912705
1.6515120819547418 1.4903422274513691 1.0 0.000437441912705
-1.6515120819547418 1.4903422274513691 1.0 0.000437441912705
1.6515120819547418 1.6512504261384242 1.0 0.000437441912705
-1.6515120819547418 1.6512504261384242 1.0 0.000437441912705
0.08071575515984519 1.4903422274513691 1.0 0.000437441912705
3.060876898429948 1.4903422274513691 1.0 0.000437441912705
0.08071575515984519 1.6512504261384242 1.0 0.000437441912705
3.060876898429948 1.6512504261384242 1.0 0.000437441912705
-0.08071575515984519 1.4903422274513691 1.0 0.000437441912705
-3.060876898429948 1.4903422274513691 1.0 0.000437441912705
-0.08071575515984519 1.6512504261384242 1.0 0.000437441912705
-3.060876898429948 1.6512504261384242 1.0 0.000437441912705
0.7853981633974487 0.19271620818405139 1.0 0.000541717474087
0.7853981633974483 2.9488764454057423 1.0 0.000541717474087
-0.7853981633974487 0.19271620818405139 1.0 0.000541717474087
-0.7853981633974483 2.9488764454057423 1.0 0.000541717474087
2.356194490192345 0.1927162081840508 1.0 0.000541717474087
2.356194490192345 2.9488764454057423 1.0 0.000541717474087
-2.356194490192345 0.1927162081840508 1.0 0.000541717474087
-2.356194490192345 2.9488764454057423 1.0 0.000541717474087
1.433678769612446 1.434949892005385 1.0 0.000541717474087
-1.433678769612446 1.434949892005385 1.0 0.000541717474087
1.433678769612446 1.7066427615844084 1.0 0.000541717474087
-1.433678769612446 1.7066427615844084 1.0 0.000541717474087
1.7079138839773471 1.434949892005385 1.0 0.000541717474087
-1.7079138839773471 1.434949892005385 1.0 0.000541717474087
1.7079138839773471 1.7066427615844084 1.0 0.000541717474087
-1.7079138839773471 1.7066427615844084 1.0 0.000541717474087
0.13711755718245025 1.434949892005385 1.0 0.000541717474087
3.004475096407343 1.434949892005385 1.0 0.000541717474087
0.13711755718245025 1.7066427615844084 1.0 0.000541717474087
3.004475096407343 1.7066427615844084 1.0 0.000541717474087
-0.13711755718245025 1.434949892005385 1.0 0.000541717474087
-3.004475096407343 1.434949892005385 1.0 0.000541717474087
-0.13711755718245025 1.7066427615844084 1.0 0.000541717474087
-3.004475096407343 1.7066427615844084 1.0 0.000541717474087
0.7853981633974483 0.2777690530687954 1.0 0.000614800089136
0.7853981633974483 2.863823600520998 1.0 0.000614800089136
-0.7853981633974483 0.2777690530687954 1.0 0.000614800089136
-0.7853981633974483 2.863823600520998 1.0 0.000614800089136
2.356194490192345 0.2777690530687954 1.0 0.000614800089136
2.356194490192345 2.863823600520998 1.0 0.000614800089136
-2.356194490192345 0.2777690530687954 1.0 0.000614800089136
-2.356194490192345 2.863823600520998 1.0 0.000614800089136
1.3718389993041318 1.3756639653910825 1.0 0.000614800089136
-1.3718389993041318 1.3756639653910825 1.0 0.000614800089136
1.3718389993041318 1.7659286881987108 1.0 0.000614800089136
-1.3718389993041318 1.7659286881987108 1.0 0.000614800089136
1.7697536542856618 1.3756639653910825 1.0 0.000614800089136
-1.7697536542856618 1.3756639653910825 1.0 0.000614800089136
1.7697536542856618 1.7659286881987108 1.0 0.000614800089136
-1.7697536542856618 1.7659286881987108 1.0 0.000614800089136
0.19895732749076536 1.3756639653910825 1.0 0.000614800089136
2.942635326099028 1.3756639653910825 1.0 0.000614800089136
0.1989573274907654 1.7659286881987108 1.0 0.000614800089136
2.9426353260990283 1.7659286881987108 1.0 0.000614800089136
-0.19895732749076536 1.3756639653910825 1.0 0.000614800089136
-2.942635326099028 1.3756639653910825 1.0 0.000614800089136
-0.1989573274907654 1.7659286881987108 1.0 0.000614800089136
-2.9426353260990283 1.7659286881987108 1.0 0.000614800089136
0.7853981633974483 0.36701902986345364 1.0 0.00066643944858
0.7853981633974483 2.7745736237263396 1.0 0.00066643944858
-0.7853981633974483 0.36701902986345364 1.0 0.00066643944858
-0.7853981633974483 2.7745736237263396 1.0 0.00066643944858
2.356194490192345 0.36701902986345364 1.0 0.00066643944858
2.356194490192345 2.7745736237263396 1.0 0.00066643944858
-2.356194490192345 0.36701902986345364 1.0 0.00066643944858
-2.356194490192345 2.7745736237263396 1.0 0.00066643944858
1.3053717079083131 1.3142572974683755 1.0 0.00066643944858
-1.3053717079083131 1.3142572974683755 1.0 0.00066643944858
1.3053717079083131 1.827335356121418 1.0 0.00066643944858
-1.3053717079083131 1.827335356121418 1.0 0.00066643944858
1.8362209456814804 1.3142572974683755 1.0 0.00066643944858
-1.8362209456814804 1.3142572974683755 1.0 0.00066643944858
1.8362209456814804 1.827335356121418 1.0 0.00066643944858
-1.8362209456814804 1.827335356121418 1.0 0.00066643944858
0.2654246188865832 1.3142572974683755 1.0 0.00066643944858
2.8761680347032104 1.3142572974683755 1.0 0.00066643944858
0.2654246188865832 1.827335356121418 1.0 0.00066643944858
2.8761680347032104 1.827335356121418 1.0 0.00066643944858
-0.2654246188865832 1.3142572974683755 1.0 0.00066643944858
-2.8761680347032104 1.3142572974683755 1.0 0.00066643944858
-0.2654246188865832 1.827335356121418 1.0 0.00066643944858
-2.8761680347032104 1.827335356121418 1.0 0.00066643944858
0.7853981633974485 0.45937892999175867 1.0 0.000702503935692
0.7853981633974485 2.682213723598035 1.0 0.000702503935692
-0.7853981633974485 0.45937892999175867 1.0 0.000702503935692
-0.7853981633974485 2.682213723598035 1.0 0.000702503935692
2.356194490192345 0.45937892999175867 1.0 0.000702503935692
2.356194490192345 2.682213723598035 1.0 0.000702503935692
-2.356194490192345 0.45937892999175867 1.0 0.000702503935692
-2.356194490192345 2.682213723598035 1.0 0.000702503935692
1.2343100377296607 1.251893239198248 1.0 0.000702503935692
-1.2343100377296607 1.251893239198248 1.0 0.000702503935692
1.2343100377296607 1.889699414391545 1.0 0.000702503935692
-1.2343100377296607 1.889699414391545 1.0 0.000702503935692
1.9072826158601326 1.251893239198248 1.0 0.000702503935692
-1.9072826158601326 1.251893239198248 1.0 0.000702503935692
1.9072826158601326 1.889699414391545 1.0 0.000702503935692
-1.9072826158601326 1.889699414391545 1.0 0.000702503935692
0.3364862890652362 1.251893239198248 1.0 0.000702503935692
2.8051063645245575 1.251893239198248 1.0 0.000702503935692
0.3364862890652362 1.889699414391545 1.0 0.000702503935692
2.8051063645245575 1.889699414391545 1.0 0.000702503935692
-0.3364862890652362 1.251893239198248 1.0 0.000702503935692
-2.8051063645245575 1.251893239198248 1.0 0.000702503935692
-0.3364862890652362 1.889699414391545 1.0 0.000702503935692
-2.8051063645245575 1.889699414391545 1.0 0.000702503935692
0.7853981633974484 0.5542524708380799 1.0 0.000726851178925
0.7853981633974486 2.5873401827517135 1.0 0.000726851178925
-0.7853981633974484 0.5542524708380799 1.0 0.000726851178925
-0.7853981633974486 2.5873401827517135 1.0 0.000726851178925
2.356194490192345 0.5542524708380799 1.0 0.000726851178925
2.356194490192345 2.587340182751714 1.0 0.000726851178925
-2.356194490192345 0.5542524708380799 1.0 0.000726851178925
-2.356194490192345 2.587340182751714 1.0 0.000726851178925
1.158235692985692 1.189465713778208 1.0 0.000726851178925
-1.158235692985692 1.189465713778208 1.0 0.000726851178925
1.158235692985692 1.9521269398115852 1.0 0.000726851178925
-1.158235692985692 1.9521269398115852 1.0 0.000726851178925
1.9833569606041015 1.189465713778208 1.0 0.000726851178925
-1.9833569606041015 1.189465713778208 1.0 0.000726851178925
1.9833569606041015 1.9521269398115852 1.0 0.000726851178925
-1.9833569606041015 1.9521269398115852 1.0 0.000726851178925
0.41256063380920455 1.189465713778208 1.0 0.000726851178925
2.7290320197805893 1.189465713778208 1.0 0.000726851178925
0.41256063380920455 1.9521269398115852 1.0 0.000726851178925
2.7290320197805893 1.952126939811585 1.0 0.000726851178925
-0.41256063380920455 1.189465713778208 1.0 0.000726851178925
-2.7290320197805893 1.189465713778208 1.0 0.000726851178925
-0.41256063380920455 1.9521269398115852 1.0 0.000726851178925
-2.7290320197805893 1.952126939811585 1.0 0.000726851178925
0.7853981633974484 0.6513322161274292 1.0 0.000742263753421
0.7853981633974484 2.490260437462364 1.0 0.000742263753421
-0.7853981633974484 0.6513322161274292 1.0 0.000742263753421
-0.7853981633974484 2.490260437462364 1.0 0.000742263753421
2.356194490192345 0.6513322161274292 1.0 0.000742263753421
2.356194490192345 2.490260437462364 1.0 0.000742263753421
-2.356194490192345 0.6513322161274292 1.0 0.000742263753421
-2.356194490192345 2.490260437462364 1.0 0.000742263753421
1.0764115728834198 1.1277640529042927 1.0 0.000742263753421
-1.0764115728834198 1.1277640529042927 1.0 0.000742263753421
1.0764115728834198 2.0138286006855006 1.0 0.000742263753421
-1.0764115728834198 2.0138286006855006 1.0 0.000742263753421
2.0651810807063735 1.1277640529042927 1.0 0.000742263753421
-2.0651810807063735 1.1277640529042927 1.0 0.000742263753421
2.0651810807063735 2.0138286006855006 1.0 0.000742263753421
-2.0651810807063735 2.0138286006855006 1.0 0.000742263753421
0.49438475391147685 1.1277640529042927 1.0 0.000742263753421
2.647207899678316 1.1277640529042927 1.0 0.000742263753421
0.49438475391147685 2.0138286006855006 1.0 0.000742263753421
2.647207899678316 2.0138286006855006 1.0 0.000742263753421
-0.49438475391147685 1.1277640529042927 1.0 0.000742263753421
-2.647207899678316 1.1277640529042927 1.0 0.000742263753421
-0.49438475391147685 2.0138286006855006 1.0 0.000742263753421
-2.647207899678316 2.0138286006855006 1.0 0.000742263753421
0.7853981633974483 0.7505019191596812 1.0 0.000750954503584
0.7853981633974483 2.3910907344301124 1.0 0.000750954503584
-0.7853981633974483 0.7505019191596812 1.0 0.000750954503584
-0.7853981633974483 2.3910907344301124 1.0 0.000750954503584
2.356194490192345 0.7505019191596812 1.0 0.000750954503584
2.356194490192345 2.3910907344301124 1.0 0.000750954503584
-2.356194490192345 0.7505019191596812 1.0 0.000750954503584
-2.356194490192345 2.3910907344301124 1.0 0.000750954503584
0.9878403949912269 1.067573874042451 1.0 0.000750954503584
-0.9878403949912269 1.067573874042451 1.0 0.000750954503584
0.9878403949912269 2.0740187795473424 1.0 0.000750954503584
-0.9878403949912269 2.0740187795473424 1.0 0.000750954503584
2.1537522585985664 1.067573874042451 1.0 0.000750954503584
-2.1537522585985664 1.067573874042451 1.0 0.000750954503584
2.1537522585985664 2.0740187795473424 1.0 0.000750954503584
-2.1537522585985664 2.0740187795473424 1.0 0.000750954503584
0.5829559318036698 1.067573874042451 1.0 0.000750954503584
2.5586367217861237 1.067573874042451 1.0 0.000750954503584
0.5829559318036698 2.0740187795473424 1.0 0.000750954503584
2.5586367217861237 2.0740187795473424 1.0 0.000750954503584
-0.5829559318036698 1.067573874042451 1.0 0.000750954503584
-2.5586367217861237 1.067573874042451 1.0 0.000750954503584
-0.5829559318036698 2.0740187795473424 1.0 0.000750954503584
-2.5586367217861237 2.0740187795473424 1.0 0.000750954503584
0.7853981633974484 0.8517856223430701 1.0 0.000754853505772
0.7853981633974485 2.289807031246723 1.0 0.000754853505772
-0.7853981633974484 0.8517856223430701 1.0 0.000754853505772
-0.7853981633974485 2.289807031246723 1.0 0.000754853505772
2.356194490192345 0.85178562234307 1.0 0.000754853505772
2.356194490192345 2.2898070312467236 1.0 0.000754853505772
-2.356194490192345 0.85178562234307 1.0 0.000754853505772
-2.356194490192345 2.2898070312467236 1.0 0.000754853505772
0.8913007544069949 1.00975529036808 1.0 0.000754853505772
-0.8913007544069949 1.00975529036808 1.0 0.000754853505772
0.8913007544069949 2.131837363221713 1.0 0.000754853505772
-0.8913007544069949 2.131837363221713 1.0 0.000754853505772
2.2502918991827983 1.00975529036808 1.0 0.000754853505772
-2.2502918991827983 1.00975529036808 1.0 0.000754853505772
2.2502918991827983 2.131837363221713 1.0 0.000754853505772
-2.2502918991827983 2.131837363221713 1.0 0.000754853505772
0.6794955723879018 1.00975529036808 1.0 0.000754853505772
2.462097081201892 1.00975529036808 1.0 0.000754853505772
0.6794955723879018 2.131837363221713 1.0 0.000754853505772
2.462097081201892 2.131837363221713 1.0 0.000754853505772
-0.6794955723879018 1.00975529036808 1.0 0.000754853505772
-2.462097081201892 1.00975529036808 1.0 0.000754853505772
-0.6794955723879018 2.131837363221713 1.0 0.000754853505772
-2.462097081201892 2.131837363221713 1.0 0.000754853505772
0.7853981633974484 1.0613071721626715 1.0 0.000755408896977
0.7853981633974485 2.0802854814271217 1.0 0.000755408896977
-0.7853981633974484 1.0613071721626715 1.0 0.000755408896977
-0.7853981633974485 2.0802854814271217 1.0 0.000755408896977
2.356194490192345 1.0613071721626715 1.0 0.000755408896977
2.356194490192345 2.0802854814271217 1.0 0.000755408896977
-2.356194490192345 1.0613071721626715 1.0 0.000755408896977
-2.356194490192345 2.0802854814271217 1.0 0.000755408896977
0.6686778884856349 0.9054904295390224 1.0 0.000755408896977
-0.6686778884856349 0.9054904295390224 1.0 0.000755408896977
0.6686778884856349 2.2361022240507715 1.0 0.000755408896977
-0.6686778884856349 2.2361022240507715 1.0 0.000755408896977
2.4729147651041585 0.9054904295390224 1.0 0.000755408896977
-2.4729147651041585 0.9054904295390224 1.0 0.000755408896977
2.472914765104158 2.2361022240507715 1.0 0.000755408896977
-2.472914765104158 2.2361022240507715 1.0 0.000755408896977
0.9021184383092619 0.9054904295390225 1.0 0.000755408896977
2.2394742152805316 0.9054904295390224 1.0 0.000755408896977
0.902118438309262 2.2361022240507715 1.0 0.000755408896977
2.2394742152805316 2.2361022240507715 1.0 0.000755408896977
-0.9021184383092619 0.9054904295390225 1.0 0.000755408896977
-2.2394742152805316 0.9054904295390224 1.0 0.000755408896977
-0.902118438309262 2.2361022240507715 1.0 0.000755408896977
-2.2394742152805316 2.2361022240507715 1.0 0.000755408896977
0.7853981633974483 1.1699963515741827 1.0 0.000755314717444
0.7853981633974483 1.9715963020156104 1.0 0.000755314717444
-0.7853981633974483 1.1699963515741827 1.0 0.000755314717444
-0.7853981633974483 1.9715963020156104 1.0 0.000755314717444
2.356194490192345 1.1699963515741827 1.0 0.000755314717444
2.356194490192345 1.9715963020156104 1.0 0.000755314717444
-2.356194490192345 1.1699963515741827 1.0 0.000755314717444
-2.356194490192345 1.9715963020156104 1.0 0.000755314717444
0.5398707331006249 0.8618056789545703 1.0 0.000755314717444
-0.5398707331006249 0.8618056789545703 1.0 0.000755314717444
0.5398707331006249 2.2797869746352233 1.0 0.000755314717444
-0.5398707331006249 2.2797869746352233 1.0 0.000755314717444
2.6017219204891684 0.8618056789545703 1.0 0.000755314717444
-2.6017219204891684 0.8618056789545703 1.0 0.000755314717444
2.6017219204891684 2.2797869746352233 1.0 0.000755314717444
-2.6017219204891684 2.2797869746352233 1.0 0.000755314717444
1.0309255936942716 0.8618056789545703 1.0 0.000755314717444
2.1106670598955217 0.8618056789545703 1.0 0.000755314717444
1.0309255936942716 2.2797869746352233 1.0 0.000755314717444
2.1106670598955217 2.2797869746352233 1.0 0.000755314717444
-1.0309255936942716 0.8618056789545703 1.0 0.000755314717444
-2.1106670598955217 0.8618056789545703 1.0 0.000755314717444
-1.0309255936942716 2.2797869746352233 1.0 0.000755314717444
-2.1106670598955217 2.2797869746352233 1.0 0.000755314717444
0.7853981633974484 1.2815429765269155 1.0 0.000756476765329
0.7853981633974484 1.8600496770628778 1.0 0.000756476765329
-0.7853981633974484 1.2815429765269155 1.0 0.000756476765329
-0.7853981633974484 1.8600496770628778 1.0 0.000756476765329
2.356194490192345 1.2815429765269155 1.0 0.000756476765329
2.356194490192345 1.8600496770628778 1.0 0.000756476765329
-2.356194490192345 1.2815429765269155 1.0 0.000756476765329
-2.356194490192345 1.8600496770628778 1.0 0.000756476765329
0.3983670628641482 0.8261231572061191 1.0 0.000756476765329
-0.3983670628641482 0.8261231572061191 1.0 0.000756476765329
0.39836706286414825 2.315469496383675 1.0 0.000756476765329
-0.39836706286414825 2.315469496383675 1.0 0.000756476765329
2.7432255907256455 0.8261231572061191 1.0 0.000756476765329
-2.7432255907256455 0.8261231572061191 1.0 0.000756476765329
2.7432255907256455 2.315469496383675 1.0 0.000756476765329
-2.7432255907256455 2.315469496383675 1.0 0.000756476765329
1.1724292639307485 0.826123157206119 1.0 0.000756476765329
1.9691633896590446 0.826123157206119 1.0 0.000756476765329
1.1724292639307485 2.315469496383675 1.0 0.000756476765329
1.9691633896590448 2.315469496383675 1.0 0.000756476765329
-1.1724292639307485 0.826123157206119 1.0 0.000756476765329
-1.9691633896590446 0.826123157206119 1.0 0.000756476765329
-1.1724292639307485 2.315469496383675 1.0 0.000756476765329
-1.9691633896590448 2.315469496383675 1.0 0.000756476765329
0.7853981633974483 1.3958298584348596 1.0 0.000758799180852
0.7853981633974483 1.745762795154934 1.0 0.000758799180852
-0.7853981633974483 1.3958298584348596 1.0 0.000758799180852
-0.7853981633974483 1.745762795154934 1.0 0.000758799180852
2.356194490192345 1.3958298584348596 1.0 0.000758799180852
2.356194490192345 1.745762795154934 1.0 0.000758799180852
-2.356194490192345 1.3958298584348596 1.0 0.000758799180852
-2.356194490192345 1.745762795154934 1.0 0.000758799180852
0.2449751254665222 0.8005515563793963 1.0 0.000758799180852
-0.2449751254665222 0.8005515563793963 1.0 0.000758799180852
0.2449751254665222 2.3410410972103968 1.0 0.000758799180852
-0.2449751254665222 2.3410410972103968 1.0 0.000758799180852
2.896617528123271 0.8005515563793965 1.0 0.000758799180852
-2.896617528123271 0.8005515563793965 1.0 0.000758799180852
2.896617528123271 2.3410410972103968 1.0 0.000758799180852
-2.896617528123271 2.3410410972103968 1.0 0.000758799180852
1.3258212013283739 0.8005515563793963 1.0 0.000758799180852
1.8157714522614192 0.8005515563793963 1.0 0.000758799180852
1.3258212013283739 2.3410410972103968 1.0 0.000758799180852
1.8157714522614192 2.3410410972103968 1.0 0.000758799180852
-1.3258212013283739 0.8005515563793963 1.0 0.000758799180852
-1.8157714522614192 0.8005515563793963 1.0 0.000758799180852
-1.3258212013283739 2.3410410972103968 1.0 0.000758799180852
-1.8157714522614192 2.3410410972103968 1.0 0.000758799180852
0.7853981633974485 1.512207450271139 1.0 0.000760826183203
0.7853981633974485 1.6293852033186542 1.0 0.000760826183203
-0.7853981633974485 1.512207450271139 1.0 0.000760826183203
-0.7853981633974485 1.6293852033186542 1.0 0.000760826183203
2.356194490192345 1.512207450271139 1.0 0.000760826183203
2.356194490192345 1.6293852033186542 1.0 0.000760826183203
-2.356194490192345 1.512207450271139 1.0 0.000760826183203
-2.356194490192345 1.6293852033186542 1.0 0.000760826183203
0.08276263657003781 0.7871125320262506 1.0 0.000760826183203
-0.08276263657003781 0.7871125320262506 1.0 0.000760826183203
0.08276263657003781 2.3544801215635425 1.0 0.000760826183203
-0.08276263657003781 2.3544801215635425 1.0 0.000760826183203
3.0588300170197553 0.7871125320262506 1.0 0.000760826183203
-3.0588300170197553 0.7871125320262506 1.0 0.000760826183203
3.0588300170197553 2.3544801215635425 1.0 0.000760826183203
-3.0588300170197553 2.3544801215635425 1.0 0.000760826183203
1.4880336902248585 0.7871125320262506 1.0 0.000760826183203
1.6535589633649348 0.7871125320262506 1.0 0.000760826183203
1.4880336902248585 2.3544801215635425 1.0 0.000760826183203
1.6535589633649348 2.3544801215635425 1.0 0.000760826183203
-1.4880336902248585 0.7871125320262506 1.0 0.000760826183203
-1.6535589633649348 0.7871125320262506 1.0 0.000760826183203
-1.4880336902248585 2.3544801215635425 1.0 0.000760826183203
-1.6535589633649348 2.3544801215635425 1.0 0.000760826183203
0.09432579783719602 1.5707963267948966 1.0 0.000402168044787
-0.09432579783719602 1.5707963267948966 1.0 0.000402168044787
3.0472668557525973 1.5707963267948966 1.0 0.000402168044787
-3.0472668557525973 1.5707963267948966 1.0 0.000402168044787
1.4764705289577007 1.5707963267948966 1.0 0.000402168044787
-1.4764705289577007 1.5707963267948966 1.0 0.000402168044787
1.6651221246320926 1.5707963267948966 1.0 0.000402168044787
-1.6651221246320926 1.5707963267948966 1.0 0.000402168044787
0.0 1.4764705289577007 1.0 0.000402168044787
0.0 1.6651221246320926 1.0 0.000402168044787
3.141592653589793 1.4764705289577007 1.0 0.000402168044787
3.141592653589793 1.6651221246320926 1.0 0.000402168044787
0.0 0.09432579783719602 1.0 0.000402168044787
0.0 3.0472668557525973 1.0 0.000402168044787
3.141592653589793 0.09432579783719602 1.0 0.000402168044787
3.141592653589793 3.0472668557525973 1.0 0.000402168044787
1.5707963267948966 1.4764705289577007 1.0 0.000402168044787
1.5707963267948966 1.6651221246320926 1.0 0.000402168044787
-1.5707963267948966 1.4764705289577007 1.0 0.000402168044787
-1.5707963267948966 1.6651221246320926 1.0 0.000402168044787
1.5707963267948966 0.09432579783719602 1.0 0.000402168044787
1.5707963267948966 3.0472668557525973 1.0 0.000402168044787
-1.5707963267948966 0.09432579783719602 1.0 0.000402168044787
-1.5707963267948966 3.0472668557525973 1.0 0.000402168044787
0.23111502050415206 1.5707963267948966 1.0 0.000580487179395
-0.23111502050415206 1.5707963267948966 1.0 0.000580487179395
2.9104776330856414 1.5707963267948966 1.0 0.000580487179395
-2.9104776330856414 1.5707963267948966 1.0 0.000580487179395
1.3396813062907447 1.5707963267948966 1.0 0.000580487179395
-1.3396813062907447 1.5707963267948966 1.0 0.000580487179395
1.8019113472990487 1.5707963267948966 1.0 0.000580487179395
-1.8019113472990487 1.5707963267948966 1.0 0.000580487179395
0.0 1.3396813062907447 1.0 0.000580487179395
0.0 1.8019113472990487 1.0 0.000580487179395
3.141592653589793 1.3396813062907447 1.0 0.000580487179395
3.141592653589793 1.8019113472990487 1.0 0.000580487179395
0.0 0.23111502050415197 1.0 0.000580487179395
0.0 2.910477633085642 1.0 0.000580487179395
3.141592653589793 0.23111502050415197 1.0 0.000580487179395
3.141592653589793 2.910477633085642 1.0 0.000580487179395
1.5707963267948966 1.3396813062907447 1.0 0.000580487179395
1.5707963267948966 1.8019113472990487 1.0 0.000580487179395
-1.5707963267948966 1.3396813062907447 1.0 0.000580487179395
-1.5707963267948966 1.8019113472990487 1.0 0.000580487179395
1.5707963267948966 0.23111502050415197 1.0 0.000580487179395
1.5707963267948966 2.910477633085642 1.0 0.000580487179395
-1.5707963267948966 0.23111502050415197 1.0 0.000580487179395
-1.5707963267948966 2.910477633085642 1.0 0.000580487179395
0.38294199177975374 1.5707963267948966 1.0 0.000679215195595
-0.38294199177975374 1.5707963267948966 1.0 0.000679215195595
2.7586506618100395 1.5707963267948966 1.0 0.000679215195595
-2.7586506618100395 1.5707963267948966 1.0 0.000679215195595
1.187854335015143 1.5707963267948966 1.0 0.000679215195595
-1.187854335015143 1.5707963267948966 1.0 0.000679215195595
1.9537383185746504 1.5707963267948966 1.0 0.000679215195595
-1.9537383185746504 1.5707963267948966 1.0 0.000679215195595
0.0 1.187854335015143 1.0 0.000679215195595
0.0 1.9537383185746504 1.0 0.000679215195595
3.141592653589793 1.187854335015143 1.0 0.000679215195595
3.141592653589793 1.9537383185746504 1.0 0.000679215195595
0.0 0.3829419917797537 1.0 0.000679215195595
0.0 2.7586506618100395 1.0 0.000679215195595
3.141592653589793 0.3829419917797537 1.0 0.000679215195595
3.141592653589793 2.7586506618100395 1.0 0.000679215195595
1.5707963267948966 1.187854335015143 1.0 0.000679215195595
1.5707963267948966 1.9537383185746504 1.0 0.000679215195595
-1.5707963267948966 1.187854335015143 1.0 0.000679215195595
-1.5707963267948966 1.9537383185746504 1.0 0.000679215195595
1.5707963267948966 0.3829419917797537 1.0 0.000679215195595
1.5707963267948966 2.7586506618100395 1.0 0.000679215195595
-1.5707963267948966 0.3829419917797537 1.0 0.000679215195595
-1.5707963267948966 2.7586506618100395 1.0 0.000679215195595
0.5417604495094901 1.5707963267948966 1.0 0.000733674121129
-0.5417604495094901 1.5707963267948966 1.0 0.000733674121129
2.5998322040803035 1.5707963267948966 1.0 0.000733674121129
-2.5998322040803035 1.5707963267948966 1.0 0.000733674121129
1.0290358772854065 1.5707963267948966 1.0 0.000733674121129
-1.0290358772854065 1.5707963267948966 1.0 0.000733674121129
2.1125567763043867 1.5707963267948966 1.0 0.000733674121129
-2.1125567763043867 1.5707963267948966 1.0 0.000733674121129
0.0 1.0290358772854065 1.0 0.000733674121129
0.0 2.1125567763043867 1.0 0.000733674121129
3.141592653589793 1.0290358772854065 1.0 0.000733674121129
3.141592653589793 2.1125567763043867 1.0 0.000733674121129
0.0 0.5417604495094901 1.0 0.000733674121129
0.0 2.5998322040803035 1.0 0.000733674121129
3.141592653589793 0.5417604495094901 1.0 0.000733674121129
3.141592653589793 2.5998322040803035 1.0 0.000733674121129
1.5707963267948966 1.0290358772854065 1.0 0.000733674121129
1.5707963267948966 2.1125567763043867 1.0 0.000733674121129
-1.5707963267948966 1.0290358772854065 1.0 0.000733674121129
-1.5707963267948966 2.1125567763043867 1.0 0.000733674121129
1.5707963267948966 0.5417604495094901 1.0 0.000733674121129
1.5707963267948966 2.5998322040803035 1.0 0.000733674121129
-1.5707963267948966 0.5417604495094901 1.0 0.000733674121129
-1.5707963267948966 2.5998322040803035 1.0 0.000733674121129
0.7038604015985368 1.5707963267948966 1.0 0.000758186630099
-0.7038604015985368 1.5707963267948966 1.0 0.000758186630099
2.4377322519912568 1.5707963267948966 1.0 0.000758186630099
-2.4377322519912568 1.5707963267948966 1.0 0.000758186630099
0.8669359251963598 1.5707963267948966 1.0 0.000758186630099
-0.8669359251963598 1.5707963267948966 1.0 0.000758186630099
2.2746567283934334 1.5707963267948966 1.0 0.000758186630099
-2.2746567283934334 1.5707963267948966 1.0 0.000758186630099
0.0 0.8669359251963598 1.0 0.000758186630099
0.0 2.2746567283934334 1.0 0.000758186630099
3.141592653589793 0.8669359251963598 1.0 0.000758186630099
3.141592653589793 2.2746567283934334 1.0 0.000758186630099
0.0 0.7038604015985368 1.0 0.000758186630099
0.0 2.4377322519912568 1.0 0.000758186630099
3.141592653589793 0.7038604015985368 1.0 0.000758186630099
3.141592653589793 2.4377322519912568 1.0 0.000758186630099
1.5707963267948966 0.8669359251963598 1.0 0.000758186630099
1.5707963267948966 2.2746567283934334 1.0 0.000758186630099
-1.5707963267948966 0.8669359251963598 1.0 0.000758186630099
-1.5707963267948966 2.2746567283934334 1.0 0.000758186630099
1.5707963267948966 0.7038604015985368 1.0 0.000758186630099
1.5707963267948966 2.4377322519912568 1.0 0.000758186630099
-1.5707963267948966 0.7038604015985368 1.0 0.000758186630099
-1.5707963267948966 2.4377322519912568 1.0 0.000758186630099
0.6553241069536482 0.8036205247901435 1.0 0.00075382578598
0.6553241069536482 2.3379721287996498 1.0 0.00075382578598
-0.6553241069536482 0.8036205247901435 1.0 0.00075382578598
-0.6553241069536482 2.3379721287996498 1.0 0.00075382578598
2.486268546636145 0.8036205247901435 1.0 0.00075382578598
2.486268546636145 2.3379721287996498 1.0 0.00075382578598
-2.486268546636145 0.8036205247901435 1.0 0.00075382578598
-2.486268546636145 2.3379721287996498 1.0 0.00075382578598
0.8826137285209928 1.1166416856123467 1.0 0.00075382578598
0.8826137285209928 2.0249509679774467 1.0 0.00075382578598
-0.8826137285209928 1.1166416856123467 1.0 0.00075382578598
-0.8826137285209928 2.0249509679774467 1.0 0.00075382578598
2.2589789250688 1.1166416856123467 1.0 0.00075382578598
2.2589789250688 2.0249509679774467 1.0 0.00075382578598
-2.2589789250688 1.1166416856123467 1.0 0.00075382578598
-2.2589789250688 2.0249509679774467 1.0 0.00075382578598
0.9154722198412486 0.8036205247901435 1.0 0.00075382578598
0.9154722198412485 2.3379721287996498 1.0 0.00075382578598
-0.9154722198412486 0.8036205247901435 1.0 0.00075382578598
-0.9154722198412485 2.3379721287996498 1.0 0.00075382578598
2.226120433748545 0.8036205247901435 1.0 0.00075382578598
2.226120433748545 2.3379721287996498 1.0 0.00075382578598
-2.226120433748545 0.8036205247901435 1.0 0.00075382578598
-2.226120433748545 2.3379721287996498 1.0 0.00075382578598
1.0071498129943741 0.9633745889973544 1.0 0.00075382578598
1.0071498129943741 2.178218064592439 1.0 0.00075382578598
-1.0071498129943741 0.9633745889973544 1.0 0.00075382578598
-1.0071498129943741 2.178218064592439 1.0 0.00075382578598
2.1344428405954194 0.9633745889973544 1.0 0.00075382578598
2.1344428405954194 2.178218064592439 1.0 0.00075382578598
-2.1344428405954194 0.9633745889973544 1.0 0.00075382578598
-2.1344428405954194 2.178218064592439 1.0 0.00075382578598
0.6881825982739036 1.1166416856123467 1.0 0.00075382578598
0.6881825982739036 2.0249509679774467 1.0 0.00075382578598
-0.6881825982739036 1.1166416856123467 1.0 0.00075382578598
-0.6881825982739036 2.0249509679774467 1.0 0.00075382578598
2.4534100553158895 1.1166416856123467 1.0 0.00075382578598
2.4534100553158895 2.0249509679774467 1.0 0.00075382578598
-2.4534100553158895 1.1166416856123467 1.0 0.00075382578598
-2.4534100553158895 2.0249509679774467 1.0 0.00075382578598
0.5636465138005227 0.9633745889973544 1.0 0.00075382578598
0.5636465138005227 2.178218064592439 1.0 0.00075382578598
-0.5636465138005227 0.9633745889973544 1.0 0.00075382578598
-0.5636465138005227 2.178218064592439 1.0 0.00075382578598
2.5779461397892707 0.9633745889973544 1.0 0.00075382578598
2.5779461397892707 2.178218064592439 1.0 0.00075382578598
-2.5779461397892707 0.9633745889973544 1.0 0.00075382578598
-2.5779461397892707 2.178218064592439 1.0 0.00075382578598
0.6387500860073029 0.70398292835153 1.0 0.000748351724705
0.6387500860073029 2.437609725238264 1.0 0.000748351724705
-0.6387500860073029 0.70398292835153 1.0 0.000748351724705
-0.6387500860073029 2.437609725238264 1.0 0.000748351724705
2.5028425675824906 0.70398292835153 1.0 0.000748351724705
2.5028425675824906 2.437609725238264 1.0 0.000748351724705
-2.5028425675824906 0.70398292835153 1.0 0.000748351724705
-2.5028425675824906 2.437609725238264 1.0 0.000748351724705
0.9724521082936424 1.1746230637391388 1.0 0.000748351724705
0.9724521082936425 1.9669695898506545 1.0 0.000748351724705
-0.9724521082936424 1.1746230637391388 1.0 0.000748351724705
-0.9724521082936425 1.9669695898506545 1.0 0.000748351724705
2.169140545296151 1.1746230637391388 1.0 0.000748351724705
2.169140545296151 1.9669695898506545 1.0 0.000748351724705
-2.169140545296151 1.1746230637391388 1.0 0.000748351724705
-2.169140545296151 1.9669695898506545 1.0 0.000748351724705
0.9320462407875936 0.70398292835153 1.0 0.000748351724705
0.9320462407875936 2.437609725238264 1.0 0.000748351724705
-0.9320462407875936 0.70398292835153 1.0 0.000748351724705
-0.9320462407875936 2.437609725238264 1.0 0.000748351724705
2.2095464128021995 0.70398292835153 1.0 0.000748351724705
2.2095464128021995 2.437609725238264 1.0 0.000748351724705
-2.2095464128021995 0.70398292835153 1.0 0.000748351724705
-2.2095464128021995 2.437609725238264 1.0 0.000748351724705
1.1021700778663954 1.0243593664722535 1.0 0.000748351724705
1.1021700778663956 2.1172332871175397 1.0 0.000748351724705
-1.1021700778663954 1.0243593664722535 1.0 0.000748351724705
-1.1021700778663956 2.1172332871175397 1.0 0.000748351724705
2.039422575723398 1.0243593664722535 1.0 0.000748351724705
2.039422575723398 2.1172332871175397 1.0 0.000748351724705
-2.039422575723398 1.0243593664722535 1.0 0.000748351724705
-2.039422575723398 2.1172332871175397 1.0 0.000748351724705
0.5983442185012544 1.1746230637391388 1.0 0.000748351724705
0.5983442185012543 1.9669695898506545 1.0 0.000748351724705
-0.5983442185012544 1.1746230637391388 1.0 0.000748351724705
-0.5983442185012543 1.9669695898506545 1.0 0.000748351724705
2.5432484350885387 1.1746230637391388 1.0 0.000748351724705
2.5432484350885387 1.9669695898506545 1.0 0.000748351724705
-2.5432484350885387 1.1746230637391388 1.0 0.000748351724705
-2.5432484350885387 1.9669695898506545 1.0 0.000748351724705
0.46862624892850124 1.0243593664722535 1.0 0.000748351724705
0.4686262489285013 2.1172332871175397 1.0 0.000748351724705
-0.46862624892850124 1.0243593664722535 1.0 0.000748351724705
-0.4686262489285013 2.1172332871175397 1.0 0.000748351724705
2.672966404661292 1.0243593664722535 1.0 0.000748351724705
2.6729664046612918 2.1172332871175397 1.0 0.000748351724705
-2.672966404661292 1.0243593664722535 1.0 0.000748351724705
-2.6729664046612918 2.1172332871175397 1.0 0.000748351724705
0.6178404289670558 0.6065191240498081 1.0 0.000737176366111
0.6178404289670558 2.5350735295399853 1.0 0.000737176366111
-0.6178404289670558 0.6065191240498081 1.0 0.000737176366111
-0.6178404289670558 2.5350735295399853 1.0 0.000737176366111
2.5237522246227373 0.6065191240498081 1.0 0.000737176366111
2.5237522246227373 2.5350735295399853 1.0 0.000737176366111
-2.5237522246227373 0.6065191240498081 1.0 0.000737176366111
-2.5237522246227373 2.5350735295399853 1.0 0.000737176366111
1.0561327404723388 1.234287510009802 1.0 0.000737176366111
1.0561327404723388 1.907305143579991 1.0 0.000737176366111
-1.0561327404723388 1.234287510009802 1.0 0.000737176366111
-1.0561327404723388 1.907305143579991 1.0 0.000737176366111
2.0854599131174543 1.234287510009802 1.0 0.000737176366111
2.0854599131174543 1.907305143579991 1.0 0.000737176366111
-2.0854599131174543 1.234287510009802 1.0 0.000737176366111
-2.0854599131174543 1.907305143579991 1.0 0.000737176366111
0.9529558978278411 0.6065191240498081 1.0 0.000737176366111
0.9529558978278411 2.5350735295399853 1.0 0.000737176366111
-0.9529558978278411 0.6065191240498081 1.0 0.000737176366111
-0.9529558978278411 2.5350735295399853 1.0 0.000737176366111
2.1886367557619524 0.6065191240498081 1.0 0.000737176366111
2.1886367557619524 2.5350735295399853 1.0 0.000737176366111
-2.1886367557619524 0.6065191240498081 1.0 0.000737176366111
-2.1886367557619524 2.5350735295399853 1.0 0.000737176366111
1.188676380635739 1.0875753637065302 1.0 0.000737176366111
1.188676380635739 2.054017289883263 1.0 0.000737176366111
-1.188676380635739 1.0875753637065302 1.0 0.000737176366111
-1.188676380635739 2.054017289883263 1.0 0.000737176366111
1.9529162729540546 1.0875753637065302 1.0 0.000737176366111
1.9529162729540546 2.054017289883263 1.0 0.000737176366111
-1.9529162729540546 1.0875753637065302 1.0 0.000737176366111
-1.9529162729540546 2.054017289883263 1.0 0.000737176366111
0.5146635863225579 1.234287510009802 1.0 0.000737176366111
0.5146635863225579 1.907305143579991 1.0 0.000737176366111
-0.5146635863225579 1.234287510009802 1.0 0.000737176366111
-0.5146635863225579 1.907305143579991 1.0 0.000737176366111
2.6269290672672354 1.234287510009802 1.0 0.000737176366111
2.6269290672672354 1.907305143579991 1.0 0.000737176366111
-2.6269290672672354 1.234287510009802 1.0 0.000737176366111
-2.6269290672672354 1.907305143579991 1.0 0.000737176366111
0.3821199461591575 1.0875753637065302 1.0 0.000737176366111
0.3821199461591575 2.054017289883263 1.0 0.000737176366111
-0.3821199461591575 1.0875753637065302 1.0 0.000737176366111
-0.3821199461591575 2.054017289883263 1.0 0.000737176366111
2.7594727074306356 1.0875753637065302 1.0 0.000737176366111
2.7594727074306356 2.054017289883263 1.0 0.000737176366111
-2.7594727074306356 1.0875753637065302 1.0 0.000737176366111
-2.7594727074306356 2.054017289883263 1.0 0.000737176366111
0.5907497799758887 0.5113078017800392 1.0 0.000718344889576
0.5907497799758886 2.630284851809754 1.0 0.000718344889576
-0.5907497799758887 0.5113078017800392 1.0 0.000718344889576
-0.5907497799758886 2.630284851809754 1.0 0.000718344889576
2.5508428736139046 0.5113078017800392 1.0 0.000718344889576
2.5508428736139046 2.630284851809754 1.0 0.000718344889576
-2.5508428736139046 0.5113078017800392 1.0 0.000718344889576
-2.5508428736139046 2.630284851809754 1.0 0.000718344889576
1.1347270306061927 1.294761892258779 1.0 0.000718344889576
1.1347270306061927 1.8468307613310142 1.0 0.000718344889576
-1.1347270306061927 1.294761892258779 1.0 0.000718344889576
-1.1347270306061927 1.8468307613310142 1.0 0.000718344889576
2.0068656229836006 1.294761892258779 1.0 0.000718344889576
2.0068656229836006 1.8468307613310142 1.0 0.000718344889576
-2.0068656229836006 1.294761892258779 1.0 0.000718344889576
-2.0068656229836006 1.8468307613310142 1.0 0.000718344889576
0.980046546819008 0.511307801780039 1.0 0.000718344889576
0.9800465468190083 2.630284851809754 1.0 0.000718344889576
-0.980046546819008 0.511307801780039 1.0 0.000718344889576
-0.9800465468190083 2.630284851809754 1.0 0.000718344889576
2.161546106770785 0.511307801780039 1.0 0.000718344889576
2.161546106770785 2.630284851809754 1.0 0.000718344889576
-2.161546106770785 0.511307801780039 1.0 0.000718344889576
-2.161546106770785 2.630284851809754 1.0 0.000718344889576
1.2679015928058277 1.1522965365755755 1.0 0.000718344889576
1.2679015928058277 1.9892961170142178 1.0 0.000718344889576
-1.2679015928058277 1.1522965365755755 1.0 0.000718344889576
-1.2679015928058277 1.9892961170142178 1.0 0.000718344889576
1.8736910607839654 1.1522965365755755 1.0 0.000718344889576
1.8736910607839654 1.9892961170142178 1.0 0.000718344889576
-1.8736910607839654 1.1522965365755755 1.0 0.000718344889576
-1.8736910607839654 1.9892961170142178 1.0 0.000718344889576
0.43606929618870405 1.294761892258779 1.0 0.000718344889576
0.43606929618870405 1.8468307613310142 1.0 0.000718344889576
-0.43606929618870405 1.294761892258779 1.0 0.000718344889576
-0.43606929618870405 1.8468307613310142 1.0 0.000718344889576
2.7055233574010895 1.294761892258779 1.0 0.000718344889576
2.7055233574010895 1.8468307613310142 1.0 0.000718344889576
-2.7055233574010895 1.294761892258779 1.0 0.000718344889576
-2.7055233574010895 1.8468307613310142 1.0 0.000718344889576
0.30289473398906885 1.1522965365755755 1.0 0.000718344889576
0.30289473398906885 1.9892961170142178 1.0 0.000718344889576
-0.30289473398906885 1.1522965365755755 1.0 0.000718344889576
-0.30289473398906885 1.9892961170142178 1.0 0.000718344889576
2.8386979196007247 1.1522965365755755 1.0 0.000718344889576
2.8386979196007247 1.9892961170142178 1.0 0.000718344889576
-2.8386979196007247 1.1522965365755755 1.0 0.000718344889576
-2.8386979196007247 1.9892961170142178 1.0 0.000718344889576
0.5542819168473696 0.41861316416954325 1.0 0.000689581552982
0.5542819168473696 2.72297948942025 1.0 0.000689581552982
-0.5542819168473696 0.41861316416954325 1.0 0.000689581552982
-0.5542819168473696 2.72297948942025 1.0 0.000689581552982
2.5873107367424235 0.41861316416954325 1.0 0.000689581552982
2.5873107367424235 2.72297948942025 1.0 0.000689581552982
-2.5873107367424235 0.41861316416954325 1.0 0.000689581552982
-2.5873107367424235 2.72297948942025 1.0 0.000689581552982
1.209137750693028 1.3551784651825438 1.0 0.000689581552982
1.209137750693028 1.7864141884072495 1.0 0.000689581552982
-1.209137750693028 1.3551784651825438 1.0 0.000689581552982
-1.209137750693028 1.7864141884072495 1.0 0.000689581552982
1.9324549028967652 1.3551784651825438 1.0 0.000689581552982
1.9324549028967652 1.7864141884072495 1.0 0.000689581552982
-1.9324549028967652 1.3551784651825438 1.0 0.000689581552982
-1.9324549028967652 1.7864141884072495 1.0 0.000689581552982
1.016514409947527 0.41861316416954325 1.0 0.000689581552982
1.016514409947527 2.72297948942025 1.0 0.000689581552982
-1.016514409947527 0.41861316416954325 1.0 0.000689581552982
-1.016514409947527 2.72297948942025 1.0 0.000689581552982
2.125078243642266 0.41861316416954325 1.0 0.000689581552982
2.125078243642266 2.72297948942025 1.0 0.000689581552982
-2.125078243642266 0.41861316416954325 1.0 0.000689581552982
-2.125078243642266 2.72297948942025 1.0 0.000689581552982
1.34077027492897 1.2178831081105639 1.0 0.000689581552982
1.34077027492897 1.9237095454792292 1.0 0.000689581552982
-1.34077027492897 1.2178831081105639 1.0 0.000689581552982
-1.34077027492897 1.9237095454792292 1.0 0.000689581552982
1.8008223786608233 1.2178831081105639 1.0 0.000689581552982
1.8008223786608233 1.9237095454792292 1.0 0.000689581552982
-1.8008223786608233 1.2178831081105639 1.0 0.000689581552982
-1.8008223786608233 1.9237095454792292 1.0 0.000689581552982
0.3616585761018687 1.3551784651825438 1.0 0.000689581552982
0.3616585761018687 1.7864141884072495 1.0 0.000689581552982
-0.3616585761018687 1.3551784651825438 1.0 0.000689581552982
-0.3616585761018687 1.7864141884072495 1.0 0.000689581552982
2.779934077487925 1.3551784651825438 1.0 0.000689581552982
2.779934077487925 1.7864141884072495 1.0 0.000689581552982
-2.779934077487925 1.3551784651825438 1.0 0.000689581552982
-2.779934077487925 1.7864141884072495 1.0 0.000689581552982
0.23002605186592667 1.2178831081105639 1.0 0.000689581552982
0.23002605186592667 1.9237095454792292 1.0 0.000689581552982
-0.23002605186592667 1.2178831081105639 1.0 0.000689581552982
-0.23002605186592667 1.9237095454792292 1.0 0.000689581552982
2.911566601723867 1.2178831081105639 1.0 0.000689581552982
2.911566601723867 1.9237095454792292 1.0 0.000689581552982
-2.911566601723867 1.2178831081105639 1.0 0.000689581552982
-2.911566601723867 1.9237095454792292 1.0 0.000689581552982
0.502478428952887 0.32897607237248083 1.0 0.000648010580179
0.5024784289528866 2.8126165812173123 1.0 0.000648010580179
-0.502478428952887 0.32897607237248083 1.0 0.000648010580179
-0.5024784289528866 2.8126165812173123 1.0 0.000648010580179
2.6391142246369066 0.32897607237248083 1.0 0.000648010580179
2.6391142246369066 2.8126165812173123 1.0 0.000648010580179
-2.6391142246369066 0.32897607237248083 1.0 0.000648010580179
-2.6391142246369066 2.8126165812173123 1.0 0.000648010580179
1.2800886541885281 1.4145693692567294 1.0 0.000648010580179
1.2800886541885281 1.7270232843330642 1.0 0.000648010580179
-1.2800886541885281 1.4145693692567294 1.0 0.000648010580179
-1.2800886541885281 1.7270232843330642 1.0 0.000648010580179
1.8615039994012654 1.4145693692567294 1.0 0.000648010580179
1.8615039994012654 1.7270232843330642 1.0 0.000648010580179
-1.8615039994012654 1.4145693692567294 1.0 0.000648010580179
-1.8615039994012654 1.7270232843330642 1.0 0.000648010580179
1.0683178978420098 0.32897607237248083 1.0 0.000648010580179
1.06831789784201 2.8126165812173123 1.0 0.000648010580179
-1.0683178978420098 0.32897607237248083 1.0 0.000648010580179
-1.06831789784201 2.8126165812173123 1.0 0.000648010580179
2.073274755747784 0.32897607237248083 1.0 0.000648010580179
2.0732747557477835 2.8126165812173123 1.0 0.000648010580179
-2.073274755747784 0.32897607237248083 1.0 0.000648010580179
-2.0732747557477835 2.8126165812173123 1.0 0.000648010580179
1.4078452157544359 1.2837303254544095 1.0 0.000648010580179
1.4078452157544359 1.8578623281353839 1.0 0.000648010580179
-1.4078452157544359 1.2837303254544095 1.0 0.000648010580179
-1.4078452157544359 1.8578623281353839 1.0 0.000648010580179
1.7337474378353577 1.2837303254544095 1.0 0.000648010580179
1.7337474378353577 1.8578623281353839 1.0 0.000648010580179
-1.7337474378353577 1.2837303254544095 1.0 0.000648010580179
-1.7337474378353577 1.8578623281353839 1.0 0.000648010580179
0.2907076726063689 1.4145693692567294 1.0 0.000648010580179
0.2907076726063689 1.7270232843330642 1.0 0.000648010580179
-0.2907076726063689 1.4145693692567294 1.0 0.000648010580179
-0.2907076726063689 1.7270232843330642 1.0 0.000648010580179
2.8508849809834245 1.4145693692567294 1.0 0.000648010580179
2.8508849809834245 1.7270232843330642 1.0 0.000648010580179
-2.8508849809834245 1.4145693692567294 1.0 0.000648010580179
-2.8508849809834245 1.7270232843330642 1.0 0.000648010580179
0.1629511110404606 1.2837303254544095 1.0 0.000648010580179
0.1629511110404606 1.8578623281353839 1.0 0.000648010580179
-0.1629511110404606 1.2837303254544095 1.0 0.000648010580179
-0.1629511110404606 1.8578623281353839 1.0 0.000648010580179
2.978641542549333 1.2837303254544095 1.0 0.000648010580179
2.978641542549333 1.8578623281353839 1.0 0.000648010580179
-2.978641542549333 1.2837303254544095 1.0 0.000648010580179
-2.978641542549333 1.8578623281353839 1.0 0.000648010580179
0.42297916449326955 0.243404572128743 1.0 0.000589755889659
0.42297916449326944 2.8981880814610497 1.0 0.000589755889659
-0.42297916449326955 0.243404572128743 1.0 0.000589755889659
-0.42297916449326944 2.8981880814610497 1.0 0.000589755889659
2.7186134890965237 0.243404572128743 1.0 0.000589755889659
2.7186134890965237 2.8981880814610497 1.0 0.000589755889659
-2.7186134890965237 0.243404572128743 1.0 0.000589755889659
-2.7186134890965237 2.8981880814610497 1.0 0.000589755889659
1.3481087959009412 1.4717054543637451 1.0 0.000589755889659
1.3481087959009412 1.669887199226048 1.0 0.000589755889659
-1.3481087959009412 1.4717054543637451 1.0 0.000589755889659
-1.3481087959009412 1.669887199226048 1.0 0.000589755889659
1.793483857688852 1.4717054543637451 1.0 0.000589755889659
1.793483857688852 1.669887199226048 1.0 0.000589755889659
-1.793483857688852 1.4717054543637451 1.0 0.000589755889659
-1.793483857688852 1.669887199226048 1.0 0.000589755889659
1.1478171623016271 0.243404572128743 1.0 0.000589755889659
1.1478171623016271 2.8981880814610497 1.0 0.000589755889659
-1.1478171623016271 0.243404572128743 1.0 0.000589755889659
-1.1478171623016271 2.8981880814610497 1.0 0.000589755889659
1.9937754912881667 0.243404572128743 1.0 0.000589755889659
1.9937754912881664 2.8981880814610497 1.0 0.000589755889659
-1.9937754912881667 0.243404572128743 1.0 0.000589755889659
-1.9937754912881664 2.8981880814610497 1.0 0.000589755889659
1.4692137107650702 1.349219469347308 1.0 0.000589755889659
1.4692137107650702 1.7923731842424855 1.0 0.000589755889659
-1.4692137107650702 1.349219469347308 1.0 0.000589755889659
-1.4692137107650702 1.7923731842424855 1.0 0.000589755889659
1.672378942824723 1.349219469347308 1.0 0.000589755889659
1.672378942824723 1.7923731842424855 1.0 0.000589755889659
-1.672378942824723 1.349219469347308 1.0 0.000589755889659
-1.672378942824723 1.7923731842424855 1.0 0.000589755889659
0.2226875308939552 1.4717054543637451 1.0 0.000589755889659
0.2226875308939552 1.669887199226048 1.0 0.000589755889659
-0.2226875308939552 1.4717054543637451 1.0 0.000589755889659
-0.2226875308939552 1.669887199226048 1.0 0.000589755889659
2.9189051226958385 1.4717054543637451 1.0 0.000589755889659
2.9189051226958385 1.669887199226048 1.0 0.000589755889659
-2.9189051226958385 1.4717054543637451 1.0 0.000589755889659
-2.9189051226958385 1.669887199226048 1.0 0.000589755889659
0.10158261602982661 1.349219469347308 1.0 0.000589755889659
0.10158261602982661 1.7923731842424855 1.0 0.000589755889659
-0.10158261602982661 1.349219469347308 1.0 0.000589755889659
-0.10158261602982661 1.7923731842424855 1.0 0.000589755889659
3.0400100375599672 1.3492194693473079 1.0 0.000589755889659
3.0400100375599672 1.7923731842424855 1.0 0.000589755889659
-3.0400100375599672 1.3492194693473079 1.0 0.000589755889659
-3.0400100375599672 1.7923731842424855 1.0 0.000589755889659
0.2858511747891153 0.1638191155840584 1.0 0.000509570884925
0.2858511747891149 2.9777735380057346 1.0 0.000509570884925
-0.2858511747891153 0.1638191155840584 1.0 0.000509570884925
-0.2858511747891149 2.9777735380057346 1.0 0.000509570884925
2.855741478800678 0.1638191155840584 1.0 0.000509570884925
2.8557414788006783 2.9777735380057346 1.0 0.000509570884925
-2.855741478800678 0.1638191155840584 1.0 0.000509570884925
-2.8557414788006783 2.9777735380057346 1.0 0.000509570884925
1.4135133322759226 1.5247936739313501 1.0 0.000509570884925
1.4135133322759226 1.6167989796584432 1.0 0.000509570884925
-1.4135133322759226 1.5247936739313501 1.0 0.000509570884925
-1.4135133322759226 1.6167989796584432 1.0 0.000509570884925
1.7280793213138708 1.5247936739313501 1.0 0.000509570884925
1.7280793213138708 1.6167989796584432 1.0 0.000509570884925
-1.7280793213138708 1.5247936739313501 1.0 0.000509570884925
-1.7280793213138708 1.6167989796584432 1.0 0.000509570884925
1.284945152005782 0.1638191155840584 1.0 0.000509570884925
1.2849451520057817 2.9777735380057346 1.0 0.000509570884925
-1.284945152005782 0.1638191155840584 1.0 0.000509570884925
-1.2849451520057817 2.9777735380057346 1.0 0.000509570884925
1.8566475015840114 0.1638191155840584 1.0 0.000509570884925
1.8566475015840116 2.9777735380057346 1.0 0.000509570884925
-1.8566475015840114 0.1638191155840584 1.0 0.000509570884925
-1.8566475015840116 2.9777735380057346 1.0 0.000509570884925
1.5242195699013952 1.4136811111056635 1.0 0.000509570884925
1.5242195699013952 1.7279115424841296 1.0 0.000509570884925
-1.5242195699013952 1.4136811111056635 1.0 0.000509570884925
-1.5242195699013952 1.7279115424841296 1.0 0.000509570884925
1.6173730836883984 1.4136811111056635 1.0 0.000509570884925
1.6173730836883984 1.7279115424841296 1.0 0.000509570884925
-1.6173730836883984 1.4136811111056635 1.0 0.000509570884925
-1.6173730836883984 1.7279115424841296 1.0 0.000509570884925
0.15728299451897407 1.5247936739313501 1.0 0.000509570884925
0.15728299451897407 1.6167989796584432 1.0 0.000509570884925
-0.15728299451897407 1.5247936739313501 1.0 0.000509570884925
-0.15728299451897407 1.6167989796584432 1.0 0.000509570884925
2.9843096590708194 1.5247936739313501 1.0 0.000509570884925
2.9843096590708194 1.6167989796584432 1.0 0.000509570884925
-2.9843096590708194 1.5247936739313501 1.0 0.000509570884925
-2.9843096590708194 1.6167989796584432 1.0 0.000509570884925
0.04657675689350135 1.4136811111056635 1.0 0.000509570884925
0.04657675689350135 1.7279115424841296 1.0 0.000509570884925
-0.04657675689350135 1.4136811111056635 1.0 0.000509570884925
-0.04657675689350135 1.7279115424841296 1.0 0.000509570884925
3.095015896696292 1.4136811111056635 1.0 0.000509570884925
3.095015896696292 1.7279115424841296 1.0 0.000509570884925
-3.095015896696292 1.4136811111056635 1.0 0.000509570884925
-3.095015896696292 1.7279115424841296 1.0 0.000509570884925
0.5106531815910612 0.7626966226530707 1.0 0.000753690642891
0.5106531815910612 2.3788960309367226 1.0 0.000753690642891
-0.5106531815910612 0.7626966226530707 1.0 0.000753690642891
-0.5106531815910612 2.3788960309367226 1.0 0.000753690642891
2.6309394719987322 0.7626966226530707 1.0 0.000753690642891
2.6309394719987322 2.3788960309367226 1.0 0.000753690642891
-2.6309394719987322 0.7626966226530707 1.0 0.000753690642891
-2.6309394719987322 2.3788960309367226 1.0 0.000753690642891
0.8758491251365493 1.2263638783005515 1.0 0.000753690642891
0.8758491251365493 1.9152287752892418 1.0 0.000753690642891
-0.8758491251365493 1.2263638783005515 1.0 0.000753690642891
-0.8758491251365493 1.9152287752892418 1.0 0.000753690642891
2.2657435284532443 1.2263638783005515 1.0 0.000753690642891
2.2657435284532443 1.9152287752892416 1.0 0.000753690642891
-2.2657435284532443 1.2263638783005515 1.0 0.000753690642891
-2.2657435284532443 1.9152287752892416 1.0 0.000753690642891
1.060143145203836 0.7626966226530707 1.0 0.000753690642891
1.060143145203836 2.3788960309367226 1.0 0.000753690642891
-1.060143145203836 0.7626966226530707 1.0 0.000753690642891
-1.060143145203836 2.3788960309367226 1.0 0.000753690642891
2.0814495083859574 0.7626966226530707 1.0 0.000753690642891
2.0814495083859574 2.3788960309367226 1.0 0.000753690642891
-2.0814495083859574 0.7626966226530707 1.0 0.000753690642891
-2.0814495083859574 2.3788960309367226 1.0 0.000753690642891
1.1338581198288211 0.9238712307171092 1.0 0.000753690642891
1.1338581198288211 2.217721422872684 1.0 0.000753690642891
-1.1338581198288211 0.9238712307171092 1.0 0.000753690642891
-1.1338581198288211 2.217721422872684 1.0 0.000753690642891
2.007734533760972 0.9238712307171092 1.0 0.000753690642891
2.007734533760972 2.217721422872684 1.0 0.000753690642891
-2.007734533760972 0.9238712307171092 1.0 0.000753690642891
-2.007734533760972 2.217721422872684 1.0 0.000753690642891
0.6949472016583473 1.2263638783005515 1.0 0.000753690642891
0.6949472016583473 1.9152287752892418 1.0 0.000753690642891
-0.6949472016583473 1.2263638783005515 1.0 0.000753690642891
-0.6949472016583473 1.9152287752892418 1.0 0.000753690642891
2.446645451931446 1.2263638783005515 1.0 0.000753690642891
2.446645451931446 1.9152287752892416 1.0 0.000753690642891
-2.446645451931446 1.2263638783005515 1.0 0.000753690642891
-2.446645451931446 1.9152287752892416 1.0 0.000753690642891
0.4369382069660757 0.9238712307171092 1.0 0.000753690642891
0.4369382069660757 2.217721422872684 1.0 0.000753690642891
-0.4369382069660757 0.9238712307171092 1.0 0.000753690642891
-0.4369382069660757 2.217721422872684 1.0 0.000753690642891
2.7046544466237177 0.9238712307171092 1.0 0.000753690642891
2.7046544466237177 2.217721422872684 1.0 0.000753690642891
-2.7046544466237177 0.9238712307171092 1.0 0.000753690642891
-2.7046544466237177 2.217721422872684 1.0 0.000753690642891
0.47440196225914955 0.6659837384828861 1.0 0.000747250596558
0.47440196225914955 2.475608915106907 1.0 0.000747250596558
-0.47440196225914955 0.6659837384828861 1.0 0.000747250596558
-0.47440196225914955 2.475608915106907 1.0 0.000747250596558
2.6671906913306436 0.6659837384828861 1.0 0.000747250596558
2.6671906913306436 2.475608915106907 1.0 0.000747250596558
-2.6671906913306436 0.6659837384828861 1.0 0.000747250596558
-2.6671906913306436 2.475608915106907 1.0 0.000747250596558
0.9607649069134621 1.2846783748629753 1.0 0.000747250596558
0.9607649069134621 1.856914278726818 1.0 0.000747250596558
-0.9607649069134621 1.2846783748629753 1.0 0.000747250596558
-0.9607649069134621 1.856914278726818 1.0 0.000747250596558
2.1808277466763313 1.2846783748629753 1.0 0.000747250596558
2.1808277466763313 1.856914278726818 1.0 0.000747250596558
-2.1808277466763313 1.2846783748629753 1.0 0.000747250596558
-2.1808277466763313 1.856914278726818 1.0 0.000747250596558
1.0963943645357468 0.665983738482886 1.0 0.000747250596558
1.0963943645357468 2.475608915106907 1.0 0.000747250596558
-1.0963943645357468 0.665983738482886 1.0 0.000747250596558
-1.0963943645357468 2.475608915106907 1.0 0.000747250596558
2.0451982890540465 0.665983738482886 1.0 0.000747250596558
2.0451982890540465 2.475608915106907 1.0 0.000747250596558
-2.0451982890540465 0.665983738482886 1.0 0.000747250596558
-2.0451982890540465 2.475608915106907 1.0 0.000747250596558
1.2261881883391192 0.9889070921959618 1.0 0.000747250596558
1.2261881883391192 2.1526855613938314 1.0 0.000747250596558
-1.2261881883391192 0.9889070921959618 1.0 0.000747250596558
-1.2261881883391192 2.1526855613938314 1.0 0.000747250596558
1.915404465250674 0.9889070921959618 1.0 0.000747250596558
1.915404465250674 2.1526855613938314 1.0 0.000747250596558
-1.915404465250674 0.9889070921959618 1.0 0.000747250596558
-1.915404465250674 2.1526855613938314 1.0 0.000747250596558
0.6100314198814345 1.2846783748629753 1.0 0.000747250596558
0.6100314198814345 1.856914278726818 1.0 0.000747250596558
-0.6100314198814345 1.2846783748629753 1.0 0.000747250596558
-0.6100314198814345 1.856914278726818 1.0 0.000747250596558
2.531561233708359 1.2846783748629753 1.0 0.000747250596558
2.531561233708359 1.856914278726818 1.0 0.000747250596558
-2.531561233708359 1.2846783748629753 1.0 0.000747250596558
-2.531561233708359 1.856914278726818 1.0 0.000747250596558
0.34460813845577737 0.9889070921959618 1.0 0.000747250596558
0.34460813845577737 2.1526855613938314 1.0 0.000747250596558
-0.34460813845577737 0.9889070921959618 1.0 0.000747250596558
-0.34460813845577737 2.1526855613938314 1.0 0.000747250596558
2.796984515134016 0.9889070921959618 1.0 0.000747250596558
2.796984515134016 2.1526855613938314 1.0 0.000747250596558
-2.796984515134016 0.9889070921959618 1.0 0.000747250596558
-2.796984515134016 2.1526855613938314 1.0 0.000747250596558
0.42856100597821195 0.5717515538312028 1.0 0.000734301713228
0.428561005978212 2.5698410997585905 1.0 0.000734301713228
-0.42856100597821195 0.5717515538312028 1.0 0.000734301713228
-0.428561005978212 2.5698410997585905 1.0 0.000734301713228
2.713031647611581 0.5717515538312028 1.0 0.000734301713228
2.713031647611581 2.5698410997585905 1.0 0.000734301713228
-2.713031647611581 0.5717515538312028 1.0 0.000734301713228
-2.713031647611581 2.5698410997585905 1.0 0.000734301713228
1.0412911058528094 1.3439936532116368 1.0 0.000734301713228
1.0412911058528092 1.7975990003781566 1.0 0.000734301713228
-1.0412911058528094 1.3439936532116368 1.0 0.000734301713228
-1.0412911058528092 1.7975990003781566 1.0 0.000734301713228
2.100301547736984 1.343993653211637 1.0 0.000734301713228
2.100301547736984 1.7975990003781566 1.0 0.000734301713228
-2.100301547736984 1.343993653211637 1.0 0.000734301713228
-2.100301547736984 1.7975990003781566 1.0 0.000734301713228
1.1422353208166844 0.5717515538312028 1.0 0.000734301713228
1.1422353208166842 2.5698410997585905 1.0 0.000734301713228
-1.1422353208166844 0.5717515538312028 1.0 0.000734301713228
-1.1422353208166842 2.5698410997585905 1.0 0.000734301713228
1.9993573327731091 0.5717515538312028 1.0 0.000734301713228
1.9993573327731091 2.5698410997585905 1.0 0.000734301713228
-1.9993573327731091 0.5717515538312028 1.0 0.000734301713228
-1.9993573327731091 2.5698410997585905 1.0 0.000734301713228
1.3095182868857043 1.0562146118458975 1.0 0.000734301713228
1.3095182868857043 2.085378041743896 1.0 0.000734301713228
-1.3095182868857043 1.0562146118458975 1.0 0.000734301713228
-1.3095182868857043 2.085378041743896 1.0 0.000734301713228
1.8320743667040889 1.0562146118458975 1.0 0.000734301713228
1.8320743667040889 2.085378041743896 1.0 0.000734301713228
-1.8320743667040889 1.0562146118458975 1.0 0.000734301713228
-1.8320743667040889 2.085378041743896 1.0 0.000734301713228
0.5295052209420872 1.343993653211637 1.0 0.000734301713228
0.5295052209420873 1.7975990003781566 1.0 0.000734301713228
-0.5295052209420872 1.343993653211637 1.0 0.000734301713228
-0.5295052209420873 1.7975990003781566 1.0 0.000734301713228
2.612087432647706 1.343993653211637 1.0 0.000734301713228
2.612087432647706 1.7975990003781566 1.0 0.000734301713228
-2.612087432647706 1.343993653211637 1.0 0.000734301713228
-2.612087432647706 1.7975990003781566 1.0 0.000734301713228
0.26127803990919213 1.0562146118458975 1.0 0.000734301713228
0.26127803990919213 2.085378041743896 1.0 0.000734301713228
-0.26127803990919213 1.0562146118458975 1.0 0.000734301713228
-0.26127803990919213 2.085378041743896 1.0 0.000734301713228
2.8803146136806013 1.0562146118458975 1.0 0.000734301713228
2.8803146136806013 2.085378041743896 1.0 0.000734301713228
-2.8803146136806013 1.0562146118458975 1.0 0.000734301713228
-2.8803146136806013 2.085378041743896 1.0 0.000734301713228
0.3689422858292363 0.4802859651599517 1.0 0.000713087158218
0.36894228582923616 2.6613066884298417 1.0 0.000713087158218
-0.3689422858292363 0.4802859651599517 1.0 0.000713087158218
-0.36894228582923616 2.6613066884298417 1.0 0.000713087158218
2.7726503677605567 0.4802859651599517 1.0 0.000713087158218
2.772650367760557 2.6613066884298417 1.0 0.000713087158218
-2.7726503677605567 0.4802859651599517 1.0 0.000713087158218
-2.772650367760557 2.6613066884298417 1.0 0.000713087158218
1.1184779364050197 1.4033930686275695 1.0 0.000713087158218
1.1184779364050197 1.7381995849622238 1.0 0.000713087158218
-1.1184779364050197 1.4033930686275695 1.0 0.000713087158218
-1.1184779364050197 1.7381995849622238 1.0 0.000713087158218
2.0231147171847734 1.4033930686275695 1.0 0.000713087158218
2.0231147171847734 1.7381995849622238 1.0 0.000713087158218
-2.0231147171847734 1.4033930686275695 1.0 0.000713087158218
-2.0231147171847734 1.7381995849622238 1.0 0.000713087158218
1.2018540409656606 0.4802859651599517 1.0 0.000713087158218
1.2018540409656604 2.6613066884298417 1.0 0.000713087158218
-1.2018540409656606 0.4802859651599517 1.0 0.000713087158218
-1.2018540409656604 2.6613066884298417 1.0 0.000713087158218
1.939738612624133 0.4802859651599517 1.0 0.000713087158218
1.9397386126241327 2.6613066884298417 1.0 0.000713087158218
-1.939738612624133 0.4802859651599517 1.0 0.000713087158218
-1.9397386126241327 2.6613066884298417 1.0 0.000713087158218
1.385082741968094 1.1252595709047712 1.0 0.000713087158218
1.385082741968094 2.016333082685022 1.0 0.000713087158218
-1.385082741968094 1.1252595709047712 1.0 0.000713087158218
-1.385082741968094 2.016333082685022 1.0 0.000713087158218
1.7565099116216991 1.1252595709047712 1.0 0.000713087158218
1.7565099116216991 2.016333082685022 1.0 0.000713087158218
-1.7565099116216991 1.1252595709047712 1.0 0.000713087158218
-1.7565099116216991 2.016333082685022 1.0 0.000713087158218
0.4523183903898772 1.4033930686275695 1.0 0.000713087158218
0.4523183903898772 1.7381995849622238 1.0 0.000713087158218
-0.4523183903898772 1.4033930686275695 1.0 0.000713087158218
-0.4523183903898772 1.7381995849622238 1.0 0.000713087158218
2.6892742631999162 1.4033930686275695 1.0 0.000713087158218
2.6892742631999162 1.7381995849622238 1.0 0.000713087158218
-2.6892742631999162 1.4033930686275695 1.0 0.000713087158218
-2.6892742631999162 1.7381995849622238 1.0 0.000713087158218
0.1857135848268025 1.1252595709047712 1.0 0.000713087158218
0.1857135848268025 2.016333082685022 1.0 0.000713087158218
-0.1857135848268025 1.1252595709047712 1.0 0.000713087158218
-0.1857135848268025 2.016333082685022 1.0 0.000713087158218
2.955879068762991 1.1252595709047712 1.0 0.000713087158218
2.955879068762991 2.016333082685022 1.0 0.000713087158218
-2.955879068762991 1.1252595709047712 1.0 0.000713087158218
-2.955879068762991 2.016333082685022 1.0 0.000713087158218
0.28838238180758513 0.3921687605942926 1.0 0.000681702203211
0.288382381807585 2.749423892995501 1.0 0.000681702203211
-0.28838238180758513 0.3921687605942926 1.0 0.000681702203211
-0.288382381807585 2.749423892995501 1.0 0.000681702203211
2.853210271782208 0.3921687605942926 1.0 0.000681702203211
2.853210271782208 2.749423892995501 1.0 0.000681702203211
-2.853210271782208 0.3921687605942926 1.0 0.000681702203211
-2.853210271782208 2.749423892995501 1.0 0.000681702203211
1.1932994496330722 1.4618846503711367 1.0 0.000681702203211
1.1932994496330722 1.6797080032186567 1.0 0.000681702203211
-1.1932994496330722 1.4618846503711367 1.0 0.000681702203211
-1.1932994496330722 1.6797080032186567 1.0 0.000681702203211
1.9482932039567211 1.4618846503711367 1.0 0.000681702203211
1.9482932039567211 1.6797080032186567 1.0 0.000681702203211
-1.9482932039567211 1.4618846503711367 1.0 0.000681702203211
-1.9482932039567211 1.6797080032186567 1.0 0.000681702203211
1.282413944987312 0.3921687605942926 1.0 0.000681702203211
1.282413944987312 2.749423892995501 1.0 0.000681702203211
-1.282413944987312 0.3921687605942926 1.0 0.000681702203211
-1.282413944987312 2.749423892995501 1.0 0.000681702203211
1.8591787086024816 0.3921687605942926 1.0 0.000681702203211
1.8591787086024816 2.749423892995501 1.0 0.000681702203211
-1.8591787086024816 0.3921687605942926 1.0 0.000681702203211
-1.8591787086024816 2.749423892995501 1.0 0.000681702203211
1.4537079480528863 1.1956477055609211 1.0 0.000681702203211
1.4537079480528863 1.9459449480288722 1.0 0.000681702203211
-1.4537079480528863 1.1956477055609211 1.0 0.000681702203211
-1.4537079480528863 1.9459449480288722 1.0 0.000681702203211
1.687884705536907 1.1956477055609211 1.0 0.000681702203211
1.687884705536907 1.9459449480288722 1.0 0.000681702203211
-1.687884705536907 1.1956477055609211 1.0 0.000681702203211
-1.687884705536907 1.9459449480288722 1.0 0.000681702203211
0.37749687716182434 1.4618846503711367 1.0 0.000681702203211
0.37749687716182434 1.6797080032186567 1.0 0.000681702203211
-0.37749687716182434 1.4618846503711367 1.0 0.000681702203211
-0.37749687716182434 1.6797080032186567 1.0 0.000681702203211
2.764095776427969 1.4618846503711367 1.0 0.000681702203211
2.764095776427969 1.6797080032186567 1.0 0.000681702203211
-2.764095776427969 1.4618846503711367 1.0 0.000681702203211
-2.764095776427969 1.6797080032186567 1.0 0.000681702203211
0.11708837874200982 1.1956477055609211 1.0 0.000681702203211
0.11708837874200982 1.9459449480288722 1.0 0.000681702203211
-0.11708837874200982 1.1956477055609211 1.0 0.000681702203211
-0.11708837874200982 1.9459449480288722 1.0 0.000681702203211
3.024504274847784 1.1956477055609211 1.0 0.000681702203211
3.024504274847784 1.9459449480288722 1.0 0.000681702203211
-3.024504274847784 1.1956477055609211 1.0 0.000681702203211
-3.024504274847784 1.9459449480288722 1.0 0.000681702203211
0.17386728604756205 0.3084647301851973 1.0 0.00063809411456
0.1738672860475621 2.833127923404596 1.0 0.00063809411456
-0.17386728604756205 0.3084647301851973 1.0 0.00063809411456
-0.1738672860475621 2.833127923404596 1.0 0.00063809411456
2.9677253675422315 0.3084647301851973 1.0 0.00063809411456
2.967725367542232 2.833127923404596 1.0 0.00063809411456
-2.9677253675422315 0.3084647301851973 1.0 0.00063809411456
-2.967725367542232 2.833127923404596 1.0 0.00063809411456
1.2666988764843703 1.5182522543152124 1.0 0.00063809411456
1.2666988764843703 1.623340399274581 1.0 0.00063809411456
-1.2666988764843703 1.5182522543152124 1.0 0.00063809411456
-1.2666988764843703 1.623340399274581 1.0 0.00063809411456
1.874893777105423 1.5182522543152124 1.0 0.00063809411456
1.874893777105423 1.623340399274581 1.0 0.00063809411456
-1.874893777105423 1.5182522543152124 1.0 0.00063809411456
-1.874893777105423 1.623340399274581 1.0 0.00063809411456
1.396929040747335 0.3084647301851973 1.0 0.00063809411456
1.3969290407473351 2.833127923404596 1.0 0.00063809411456
-1.396929040747335 0.3084647301851973 1.0 0.00063809411456
-1.3969290407473351 2.833127923404596 1.0 0.00063809411456
1.7446636128424584 0.3084647301851973 1.0 0.00063809411456
1.744663612842458 2.833127923404596 1.0 0.00063809411456
-1.7446636128424584 0.3084647301851973 1.0 0.00063809411456
-1.744663612842458 2.833127923404596 1.0 0.00063809411456
1.5157304589687255 1.2671319728906794 1.0 0.00063809411456
1.5157304589687255 1.8744606806991138 1.0 0.00063809411456
-1.5157304589687255 1.2671319728906794 1.0 0.00063809411456
-1.5157304589687255 1.8744606806991138 1.0 0.00063809411456
1.6258621946210674 1.2671319728906794 1.0 0.00063809411456
1.6258621946210674 1.8744606806991138 1.0 0.00063809411456
-1.6258621946210674 1.2671319728906794 1.0 0.00063809411456
-1.6258621946210674 1.8744606806991138 1.0 0.00063809411456
0.3040974503105265 1.5182522543152124 1.0 0.00063809411456
0.3040974503105265 1.6233403992745807 1.0 0.00063809411456
-0.3040974503105265 1.5182522543152124 1.0 0.00063809411456
-0.3040974503105265 1.6233403992745807 1.0 0.00063809411456
2.8374952032792673 1.5182522543152124 1.0 0.00063809411456
2.8374952032792673 1.6233403992745807 1.0 0.00063809411456
-2.8374952032792673 1.5182522543152124 1.0 0.00063809411456
-2.8374952032792673 1.6233403992745807 1.0 0.00063809411456
0.055065867826172156 1.2671319728906794 1.0 0.00063809411456
0.055065867826172156 1.8744606806991138 1.0 0.00063809411456
-0.055065867826172156 1.2671319728906794 1.0 0.00063809411456
-0.055065867826172156 1.8744606806991138 1.0 0.00063809411456
3.086526785763621 1.2671319728906794 1.0 0.00063809411456
3.086526785763621 1.8744606806991138 1.0 0.00063809411456
-3.086526785763621 1.2671319728906794 1.0 0.00063809411456
-3.086526785763621 1.8744606806991138 1.0 0.00063809411456
0.35130297718236775 0.731046342505524 1.0 0.000755038137792
0.35130297718236786 2.4105463110842695 1.0 0.000755038137792
-0.35130297718236775 0.731046342505524 1.0 0.000755038137792
-0.35130297718236786 2.4105463110842695 1.0 0.000755038137792
2.790289676407425 0.731046342505524 1.0 0.000755038137792
2.790289676407425 2.4105463110842695 1.0 0.000755038137792
-2.790289676407425 0.731046342505524 1.0 0.000755038137792
-2.790289676407425 2.4105463110842695 1.0 0.000755038137792
0.870946638165543 1.3389730923360015 1.0 0.000755038137792
0.870946638165543 1.8026195612537916 1.0 0.000755038137792
-0.870946638165543 1.3389730923360015 1.0 0.000755038137792
-0.870946638165543 1.8026195612537916 1.0 0.000755038137792
2.270646015424251 1.3389730923360015 1.0 0.000755038137792
2.270646015424251 1.8026195612537916 1.0 0.000755038137792
-2.270646015424251 1.3389730923360015 1.0 0.000755038137792
-2.270646015424251 1.8026195612537916 1.0 0.000755038137792
1.2194933496125286 0.731046342505524 1.0 0.000755038137792
1.2194933496125286 2.4105463110842695 1.0 0.000755038137792
-1.2194933496125286 0.731046342505524 1.0 0.000755038137792
-1.2194933496125286 2.4105463110842695 1.0 0.000755038137792
1.9220993039772647 0.731046342505524 1.0 0.000755038137792
1.9220993039772647 2.4105463110842695 1.0 0.000755038137792
-1.9220993039772647 0.731046342505524 1.0 0.000755038137792
-1.9220993039772647 2.4105463110842695 1.0 0.000755038137792
1.2714598276969213 0.8932638906456896 1.0 0.000755038137792
1.2714598276969216 2.248328762944104 1.0 0.000755038137792
-1.2714598276969213 0.8932638906456896 1.0 0.000755038137792
-1.2714598276969216 2.248328762944104 1.0 0.000755038137792
1.870132825892872 0.8932638906456896 1.0 0.000755038137792
1.870132825892872 2.248328762944104 1.0 0.000755038137792
-1.870132825892872 0.8932638906456896 1.0 0.000755038137792
-1.870132825892872 2.248328762944104 1.0 0.000755038137792
0.6998496886293538 1.3389730923360015 1.0 0.000755038137792
0.6998496886293538 1.8026195612537916 1.0 0.000755038137792
-0.6998496886293538 1.3389730923360015 1.0 0.000755038137792
-0.6998496886293538 1.8026195612537916 1.0 0.000755038137792
2.4417429649604396 1.3389730923360015 1.0 0.000755038137792
2.4417429649604396 1.8026195612537916 1.0 0.000755038137792
-2.4417429649604396 1.3389730923360015 1.0 0.000755038137792
-2.4417429649604396 1.8026195612537916 1.0 0.000755038137792
0.2993364990979757 0.8932638906456896 1.0 0.000755038137792
0.29933649909797566 2.248328762944104 1.0 0.000755038137792
-0.2993364990979757 0.8932638906456896 1.0 0.000755038137792
-0.29933649909797566 2.248328762944104 1.0 0.000755038137792
2.8422561544918175 0.8932638906456896 1.0 0.000755038137792
2.8422561544918175 2.248328762944104 1.0 0.000755038137792
-2.8422561544918175 0.8932638906456896 1.0 0.000755038137792
-2.8422561544918175 2.248328762944104 1.0 0.000755038137792
0.29320533534258314 0.63872935017752 1.0 0.000747864664014
0.29320533534258314 2.502863303412273 1.0 0.000747864664014
-0.29320533534258314 0.63872935017752 1.0 0.000747864664014
-0.29320533534258314 2.502863303412273 1.0 0.000747864664014
2.84838731824721 0.63872935017752 1.0 0.000747864664014
2.84838731824721 2.502863303412273 1.0 0.000747864664014
-2.84838731824721 0.63872935017752 1.0 0.000747864664014
-2.84838731824721 2.502863303412273 1.0 0.000747864664014
0.9528059347952414 1.3976240292193147 1.0 0.000747864664014
0.9528059347952414 1.7439686243704788 1.0 0.000747864664014
-0.9528059347952414 1.3976240292193147 1.0 0.000747864664014
-0.9528059347952414 1.7439686243704788 1.0 0.000747864664014
2.1887867187945518 1.3976240292193147 1.0 0.000747864664014
2.1887867187945518 1.7439686243704788 1.0 0.000747864664014
-2.1887867187945518 1.3976240292193147 1.0 0.000747864664014
-2.1887867187945518 1.7439686243704788 1.0 0.000747864664014
1.2775909914523138 0.63872935017752 1.0 0.000747864664014
1.2775909914523138 2.502863303412273 1.0 0.000747864664014
-1.2775909914523138 0.63872935017752 1.0 0.000747864664014
-1.2775909914523138 2.502863303412273 1.0 0.000747864664014
1.8640016621374798 0.63872935017752 1.0 0.000747864664014
1.8640016621374798 2.502863303412273 1.0 0.000747864664014
-1.8640016621374798 0.63872935017752 1.0 0.000747864664014
-1.8640016621374798 2.502863303412273 1.0 0.000747864664014
1.3593839428817196 0.9633987951828211 1.0 0.000747864664014
1.3593839428817196 2.178193858406972 1.0 0.000747864664014
-1.3593839428817196 0.9633987951828211 1.0 0.000747864664014
-1.3593839428817196 2.178193858406972 1.0 0.000747864664014
1.7822087107080735 0.9633987951828211 1.0 0.000747864664014
1.7822087107080735 2.178193858406972 1.0 0.000747864664014
-1.7822087107080735 0.9633987951828211 1.0 0.000747864664014
-1.7822087107080735 2.178193858406972 1.0 0.000747864664014
0.6179903919996551 1.3976240292193147 1.0 0.000747864664014
0.6179903919996551 1.7439686243704788 1.0 0.000747864664014
-0.6179903919996551 1.3976240292193147 1.0 0.000747864664014
-0.6179903919996551 1.7439686243704788 1.0 0.000747864664014
2.523602261590138 1.3976240292193147 1.0 0.000747864664014
2.523602261590138 1.7439686243704788 1.0 0.000747864664014
-2.523602261590138 1.3976240292193147 1.0 0.000747864664014
-2.523602261590138 1.7439686243704788 1.0 0.000747864664014
0.211412383913177 0.9633987951828211 1.0 0.000747864664014
0.21141238391317696 2.178193858406972 1.0 0.000747864664014
-0.211412383913177 0.9633987951828211 1.0 0.000747864664014
-0.21141238391317696 2.178193858406972 1.0 0.000747864664014
2.930180269676616 0.9633987951828211 1.0 0.000747864664014
2.930180269676616 2.178193858406972 1.0 0.000747864664014
-2.930180269676616 0.9633987951828211 1.0 0.000747864664014
-2.930180269676616 2.178193858406972 1.0 0.000747864664014
0.22011084860997002 0.5494707354894907 1.0 0.00073359187206
0.22011084860996996 2.5921219181003026 1.0 0.00073359187206
-0.22011084860997002 0.5494707354894907 1.0 0.00073359187206
-0.22011084860996996 2.5921219181003026 1.0 0.00073359187206
2.9214818049798232 0.5494707354894907 1.0 0.00073359187206
2.9214818049798232 2.5921219181003026 1.0 0.00073359187206
-2.9214818049798232 0.5494707354894907 1.0 0.00073359187206
-2.9214818049798232 2.5921219181003026 1.0 0.00073359187206
1.032141511214427 1.4565239444095515 1.0 0.00073359187206
1.0321415112144268 1.685068709180242 1.0 0.00073359187206
-1.032141511214427 1.4565239444095515 1.0 0.00073359187206
-1.0321415112144268 1.685068709180242 1.0 0.00073359187206
2.1094511423753666 1.4565239444095515 1.0 0.00073359187206
2.1094511423753666 1.685068709180242 1.0 0.00073359187206
-2.1094511423753666 1.4565239444095515 1.0 0.00073359187206
-2.1094511423753666 1.685068709180242 1.0 0.00073359187206
1.3506854781849267 0.5494707354894907 1.0 0.00073359187206
1.350685478184927 2.5921219181003026 1.0 0.00073359187206
-1.3506854781849267 0.5494707354894907 1.0 0.00073359187206
-1.350685478184927 2.5921219181003026 1.0 0.00073359187206
1.7909071754048667 0.5494707354894907 1.0 0.00073359187206
1.7909071754048667 2.5921219181003026 1.0 0.00073359187206
-1.7909071754048667 0.5494707354894907 1.0 0.00073359187206
-1.7909071754048667 2.5921219181003026 1.0 0.00073359187206
1.4378795418208823 1.0360345486258176 1.0 0.00073359187206
1.4378795418208823 2.1055581049639756 1.0 0.00073359187206
-1.4378795418208823 1.0360345486258176 1.0 0.00073359187206
-1.4378795418208823 2.1055581049639756 1.0 0.00073359187206
1.703713111768911 1.0360345486258176 1.0 0.00073359187206
1.703713111768911 2.1055581049639756 1.0 0.00073359187206
-1.703713111768911 1.0360345486258176 1.0 0.00073359187206
-1.703713111768911 2.1055581049639756 1.0 0.00073359187206
0.5386548155804699 1.4565239444095515 1.0 0.00073359187206
0.5386548155804699 1.685068709180242 1.0 0.00073359187206
-0.5386548155804699 1.4565239444095515 1.0 0.00073359187206
-0.5386548155804699 1.685068709180242 1.0 0.00073359187206
2.602937838009323 1.4565239444095515 1.0 0.00073359187206
2.602937838009323 1.6850687091802419 1.0 0.00073359187206
-2.602937838009323 1.4565239444095515 1.0 0.00073359187206
-2.602937838009323 1.6850687091802419 1.0 0.00073359187206
0.13291678497401413 1.0360345486258176 1.0 0.00073359187206
0.13291678497401413 2.1055581049639756 1.0 0.00073359187206
-0.13291678497401413 1.0360345486258176 1.0 0.00073359187206
-0.13291678497401413 2.1055581049639756 1.0 0.00073359187206
3.0086758686157795 1.0360345486258176 1.0 0.00073359187206
3.0086758686157795 2.1055581049639756 1.0 0.00073359187206
-3.0086758686157795 1.0360345486258176 1.0 0.00073359187206
-3.0086758686157795 2.1055581049639756 1.0 0.00073359187206
0.12575467065827262 0.46386276513328917 1.0 0.000711012052766
0.12575467065827267 2.677729888456504 1.0 0.000711012052766
-0.12575467065827262 0.46386276513328917 1.0 0.000711012052766
-0.12575467065827267 2.677729888456504 1.0 0.000711012052766
3.0158379829315205 0.46386276513328917 1.0 0.000711012052766
3.015837982931521 2.677729888456504 1.0 0.000711012052766
-3.0158379829315205 0.46386276513328917 1.0 0.000711012052766
-3.015837982931521 2.677729888456504 1.0 0.000711012052766
1.1100982541319295 1.5146516136543444 1.0 0.000711012052766
1.1100982541319295 1.6269410399354487 1.0 0.000711012052766
-1.1100982541319295 1.5146516136543444 1.0 0.000711012052766
-1.1100982541319295 1.6269410399354487 1.0 0.000711012052766
2.0314943994578636 1.5146516136543444 1.0 0.000711012052766
2.0314943994578636 1.6269410399354487 1.0 0.000711012052766
-2.0314943994578636 1.5146516136543444 1.0 0.000711012052766
-2.0314943994578636 1.6269410399354487 1.0 0.000711012052766
1.4450416561366246 0.46386276513328917 1.0 0.000711012052766
1.4450416561366246 2.677729888456504 1.0 0.000711012052766
-1.4450416561366246 0.46386276513328917 1.0 0.000711012052766
-1.4450416561366246 2.677729888456504 1.0 0.000711012052766
1.696550997453169 0.46386276513328917 1.0 0.000711012052766
1.696550997453169 2.677729888456504 1.0 0.000711012052766
-1.696550997453169 0.46386276513328917 1.0 0.000711012052766
-1.696550997453169 2.677729888456504 1.0 0.000711012052766
1.508132999892046 1.1108801517659121 1.0 0.000711012052766
1.508132999892046 2.030712501823881 1.0 0.000711012052766
-1.508132999892046 1.1108801517659121 1.0 0.000711012052766
-1.508132999892046 2.030712501823881 1.0 0.000711012052766
1.6334596536977475 1.1108801517659121 1.0 0.000711012052766
1.6334596536977475 2.030712501823881 1.0 0.000711012052766
-1.6334596536977475 1.1108801517659121 1.0 0.000711012052766
-1.6334596536977475 2.030712501823881 1.0 0.000711012052766
0.4606980726629671 1.5146516136543444 1.0 0.000711012052766
0.4606980726629671 1.6269410399354487 1.0 0.000711012052766
-0.4606980726629671 1.5146516136543444 1.0 0.000711012052766
-0.4606980726629671 1.6269410399354487 1.0 0.000711012052766
2.680894580926826 1.5146516136543444 1.0 0.000711012052766
2.680894580926826 1.6269410399354487 1.0 0.000711012052766
-2.680894580926826 1.5146516136543444 1.0 0.000711012052766
-2.680894580926826 1.6269410399354487 1.0 0.000711012052766
0.06266332690285058 1.1108801517659121 1.0 0.000711012052766
0.06266332690285058 2.030712501823881 1.0 0.000711012052766
-0.06266332690285058 1.1108801517659121 1.0 0.000711012052766
-0.06266332690285058 2.030712501823881 1.0 0.000711012052766
3.078929326686943 1.1108801517659121 1.0 0.000711012052766
3.078929326686943 2.030712501823881 1.0 0.000711012052766
-3.078929326686943 1.1108801517659121 1.0 0.000711012052766
-3.078929326686943 2.030712501823881 1.0 0.000711012052766
0.17938689025045657 0.7108363782396583 1.0 0.000757136397869
0.17938689025045662 2.4307562753501353 1.0 0.000757136397869
-0.17938689025045657 0.7108363782396583 1.0 0.000757136397869
-0.17938689025045662 2.4307562753501353 1.0 0.000757136397869
2.9622057633393366 0.7108363782396583 1.0 0.000757136397869
2.9622057633393366 2.4307562753501353 1.0 0.000757136397869
-2.9622057633393366 0.7108363782396583 1.0 0.000757136397869
-2.9622057633393366 2.4307562753501353 1.0 0.000757136397869
0.8679486710325992 1.4541142996127354 1.0 0.000757136397869
0.8679486710325992 1.687478353977058 1.0 0.000757136397869
-0.8679486710325992 1.4541142996127354 1.0 0.000757136397869
-0.8679486710325992 1.687478353977058 1.0 0.000757136397869
2.273643982557194 1.4541142996127354 1.0 0.000757136397869
2.273643982557194 1.687478353977058 1.0 0.000757136397869
-2.273643982557194 1.4541142996127354 1.0 0.000757136397869
-2.273643982557194 1.687478353977058 1.0 0.000757136397869
1.3914094365444407 0.7108363782396583 1.0 0.000757136397869
1.3914094365444407 2.4307562753501353 1.0 0.000757136397869
-1.3914094365444407 0.7108363782396583 1.0 0.000757136397869
-1.3914094365444407 2.4307562753501353 1.0 0.000757136397869
1.7501832170453526 0.7108363782396583 1.0 0.000757136397869
1.7501832170453526 2.4307562753501353 1.0 0.000757136397869
-1.7501832170453526 0.7108363782396583 1.0 0.000757136397869
-1.7501832170453526 2.4307562753501353 1.0 0.000757136397869
1.4183657622053276 0.8736951424592794 1.0 0.000757136397869
1.4183657622053276 2.2678975111305144 1.0 0.000757136397869
-1.4183657622053276 0.8736951424592794 1.0 0.000757136397869
-1.4183657622053276 2.2678975111305144 1.0 0.000757136397869
1.7232268913844657 0.8736951424592794 1.0 0.000757136397869
1.7232268913844657 2.2678975111305144 1.0 0.000757136397869
-1.7232268913844657 0.8736951424592794 1.0 0.000757136397869
-1.7232268913844657 2.2678975111305144 1.0 0.000757136397869
0.7028476557622975 1.4541142996127354 1.0 0.000757136397869
0.7028476557622975 1.687478353977058 1.0 0.000757136397869
-0.7028476557622975 1.4541142996127354 1.0 0.000757136397869
-0.7028476557622975 1.687478353977058 1.0 0.000757136397869
2.438744997827496 1.4541142996127354 1.0 0.000757136397869
2.438744997827496 1.687478353977058 1.0 0.000757136397869
-2.438744997827496 1.4541142996127354 1.0 0.000757136397869
-2.438744997827496 1.687478353977058 1.0 0.000757136397869
0.1524305645895692 0.8736951424592794 1.0 0.000757136397869
0.15243056458956922 2.2678975111305144 1.0 0.000757136397869
-0.1524305645895692 0.8736951424592794 1.0 0.000757136397869
-0.15243056458956922 2.2678975111305144 1.0 0.000757136397869
2.989162089000224 0.8736951424592794 1.0 0.000757136397869
2.989162089000224 2.2678975111305144 1.0 0.000757136397869
-2.989162089000224 0.8736951424592794 1.0 0.000757136397869
-2.989162089000224 2.2678975111305144 1.0 0.000757136397869
0.09933456088890402 0.6243914848872042 1.0 0.000748990832908
0.0993345608889041 2.5172011687025897 1.0 0.000748990832908
-0.09933456088890402 0.6243914848872042 1.0 0.000748990832908
-0.0993345608889041 2.5172011687025897 1.0 0.000748990832908
3.0422580927008895 0.6243914848872042 1.0 0.000748990832908
3.0422580927008895 2.5172011687025897 1.0 0.000748990832908
-3.0422580927008895 0.6243914848872042 1.0 0.000748990832908
-3.0422580927008895 2.5172011687025897 1.0 0.000748990832908
0.9487469035242798 1.5127879041179515 1.0 0.000748990832908
0.9487469035242798 1.6288047494718416 1.0 0.000748990832908
-0.9487469035242798 1.5127879041179515 1.0 0.000748990832908
-0.9487469035242798 1.6288047494718416 1.0 0.000748990832908
2.1928457500655134 1.5127879041179515 1.0 0.000748990832908
2.1928457500655134 1.6288047494718416 1.0 0.000748990832908
-2.1928457500655134 1.5127879041179515 1.0 0.000748990832908
-2.1928457500655134 1.6288047494718416 1.0 0.000748990832908
1.4714617659059925 0.6243914848872042 1.0 0.000748990832908
1.4714617659059925 2.5172011687025897 1.0 0.000748990832908
-1.4714617659059925 0.6243914848872042 1.0 0.000748990832908
-1.4714617659059925 2.5172011687025897 1.0 0.000748990832908
1.6701308876838006 0.6243914848872042 1.0 0.000748990832908
1.6701308876838008 2.5172011687025897 1.0 0.000748990832908
-1.6701308876838006 0.6243914848872042 1.0 0.000748990832908
-1.6701308876838008 2.5172011687025897 1.0 0.000748990832908
1.4994587716775258 0.9499524014785796 1.0 0.000748990832908
1.4994587716775258 2.1916402521112137 1.0 0.000748990832908
-1.4994587716775258 0.9499524014785796 1.0 0.000748990832908
-1.4994587716775258 2.1916402521112137 1.0 0.000748990832908
1.6421338819122673 0.9499524014785796 1.0 0.000748990832908
1.6421338819122673 2.1916402521112137 1.0 0.000748990832908
-1.6421338819122673 0.9499524014785796 1.0 0.000748990832908
-1.6421338819122673 2.1916402521112137 1.0 0.000748990832908
0.6220494232706169 1.5127879041179515 1.0 0.000748990832908
0.6220494232706169 1.6288047494718416 1.0 0.000748990832908
-0.6220494232706169 1.5127879041179515 1.0 0.000748990832908
-0.6220494232706169 1.6288047494718416 1.0 0.000748990832908
2.5195432303191767 1.5127879041179515 1.0 0.000748990832908
2.5195432303191767 1.6288047494718416 1.0 0.000748990832908
-2.5195432303191767 1.5127879041179515 1.0 0.000748990832908
-2.5195432303191767 1.6288047494718416 1.0 0.000748990832908
0.07133755511737162 0.9499524014785796 1.0 0.000748990832908
0.07133755511737164 2.1916402521112137 1.0 0.000748990832908
-0.07133755511737162 0.9499524014785796 1.0 0.000748990832908
-0.07133755511737164 2.1916402521112137 1.0 0.000748990832908
3.0702550984724217 0.9499524014785796 1.0 0.000748990832908
3.0702550984724217 2.1916402521112137 1.0 0.000748990832908
-3.0702550984724217 0.9499524014785796 1.0 0.000748990832908
-3.0702550984724217 2.1916402521112137 1.0 0.000748990832908
