0.0 1.5707963267948966 1.0 0.003006796749454
3.141592653589793 1.5707963267948966 1.0 0.003006796749454
1.5707963267948966 1.5707963267948966 1.0 0.003006796749454
-1.5707963267948966 1.5707963267948966 1.0 0.003006796749454
0.0 0.0 1.0 0.003006796749454
0.0 3.141592653589793 1.0 0.003006796749454
0.7853981633974483 0.9553166181245093 1.0 0.003050627745651
0.7853981633974483 2.186276035465284 1.0 0.003050627745651
-0.7853981633974483 0.9553166181245093 1.0 0.003050627745651
-0.7853981633974483 2.186276035465284 1.0 0.003050627745651
2.356194490192345 0.9553166181245093 1.0 0.003050627745651
2.356194490192345 2.186276035465284 1.0 0.003050627745651
-2.356194490192345 0.9553166181245093 1.0 0.003050627745651
-2.356194490192345 2.186276035465284 1.0 0.003050627745651
0.7853981633974483 1.5464106083155702 1.0 0.001621104600289
0.7853981633974483 1.5951820452742234 1.0 0.001621104600289
-0.7853981633974483 1.5464106083155702 1.0 0.001621104600289
-0.7853981633974483 1.5951820452742234 1.0 0.001621104600289
2.356194490192345 1.5464106083155702 1.0 0.001621104600289
2.356194490192345 1.5951820452742234 1.0 0.001621104600289
-2.356194490192345 1.5464106083155702 1.0 0.001621104600289
-2.356194490192345 1.5951820452742234 1.0 0.001621104600289
0.0344797810778583 0.7856954361151114 1.0 0.001621104600289
-0.0344797810778583 0.7856954361151114 1.0 0.001621104600289
0.03447978107785831 2.355897217474682 1.0 0.001621104600289
-0.03447978107785831 2.355897217474682 1.0 0.001621104600289
3.1071128725119355 0.7856954361151114 1.0 0.001621104600289
-3.1071128725119355 0.7856954361151114 1.0 0.001621104600289
3.1071128725119355 2.355897217474682 1.0 0.001621104600289
-3.1071128725119355 2.355897217474682 1.0 0.001621104600289
1.5363165457170394 0.7856954361151114 1.0 0.001621104600289
1.6052761078727538 0.7856954361151114 1.0 0.001621104600289
1.5363165457170394 2.355897217474682 1.0 0.001621104600289
1.6052761078727538 2.355897217474682 1.0 0.001621104600289
-1.5363165457170394 0.7856954361151114 1.0 0.001621104600289
-1.6052761078727538 0.7856954361151114 1.0 0.001621104600289
-1.5363165457170394 2.355897217474682 1.0 0.001621104600289
-1.6052761078727538 2.355897217474682 1.0 0.001621104600289
0.7853981633974483 0.7451342904884856 1.0 0.003005701484902
0.7853981633974483 2.3964583631013077 1.0 0.003005701484902
-0.7853981633974483 0.7451342904884856 1.0 0.003005701484902
-0.7853981633974483 2.3964583631013077 1.0 0.003005701484902
2.356194490192345 0.7451342904884856 1.0 0.003005701484902
2.356194490192345 2.3964583631013077 1.0 0.003005701484902
-2.356194490192345 0.7451342904884856 1.0 0.003005701484902
-2.356194490192345 2.3964583631013077 1.0 0.003005701484902
0.9927774754458499 1.0707476424465165 1.0 0.003005701484902
-0.9927774754458499 1.0707476424465165 1.0 0.003005701484902
0.9927774754458499 2.070845011143277 1.0 0.003005701484902
-0.9927774754458499 2.070845011143277 1.0 0.003005701484902
2.148815178143943 1.0707476424465165 1.0 0.003005701484902
-2.148815178143943 1.0707476424465165 1.0 0.003005701484902
2.148815178143943 2.070845011143277 1.0 0.003005701484902
-2.148815178143943 2.070845011143277 1.0 0.003005701484902
0.5780188513490466 1.0707476424465165 1.0 0.003005701484902
2.5635738022407466 1.0707476424465165 1.0 0.003005701484902
0.5780188513490467 2.070845011143277 1.0 0.003005701484902
2.5635738022407466 2.070845011143277 1.0 0.003005701484902
-0.5780188513490466 1.0707476424465165 1.0 0.003005701484902
-2.5635738022407466 1.0707476424465165 1.0 0.003005701484902
-0.5780188513490467 2.070845011143277 1.0 0.003005701484902
-2.5635738022407466 2.070845011143277 1.0 0.003005701484902
0.7853981633974483 0.2760884763515487 1.0 0.002990992529654
0.7853981633974483 2.8655041772382446 1.0 0.002990992529654
-0.7853981633974483 0.2760884763515487 1.0 0.002990992529654
-0.7853981633974483 2.8655041772382446 1.0 0.002990992529654
2.356194490192345 0.2760884763515487 1.0 0.002990992529654
2.356194490192345 2.8655041772382446 1.0 0.002990992529654
-2.356194490192345 0.2760884763515487 1.0 0.002990992529654
-2.356194490192345 2.8655041772382446 1.0 0.002990992529654
1.3730734849556459 1.3768290149766054 1.0 0.002990992529654
-1.3730734849556459 1.3768290149766054 1.0 0.002990992529654
1.3730734849556459 1.7647636386131882 1.0 0.002990992529654
-1.3730734849556459 1.7647636386131882 1.0 0.002990992529654
1.7685191686341473 1.3768290149766054 1.0 0.002990992529654
-1.7685191686341473 1.3768290149766054 1.0 0.002990992529654
1.7685191686341473 1.7647636386131882 1.0 0.002990992529654
-1.7685191686341473 1.7647636386131882 1.0 0.002990992529654
0.1977228418392506 1.3768290149766054 1.0 0.002990992529654
2.9438698117505426 1.3768290149766054 1.0 0.002990992529654
0.1977228418392506 1.7647636386131882 1.0 0.002990992529654
2.9438698117505426 1.7647636386131882 1.0 0.002990992529654
-0.1977228418392506 1.3768290149766054 1.0 0.002990992529654
-2.9438698117505426 1.3768290149766054 1.0 0.002990992529654
-0.1977228418392506 1.7647636386131882 1.0 0.002990992529654
-2.9438698117505426 1.7647636386131882 1.0 0.002990992529654
0.7853981633974483 1.3709677607126658 1.0 0.002982170644108
0.7853981633974483 1.7706248928771275 1.0 0.002982170644108
-0.7853981633974483 1.3709677607126658 1.0 0.002982170644108
-0.7853981633974483 1.7706248928771275 1.0 0.002982170644108
2.356194490192345 1.3709677607126658 1.0 0.002982170644108
2.356194490192345 1.7706248928771275 1.0 0.002982170644108
-2.356194490192345 1.3709677607126658 1.0 0.002982170644108
-2.356194490192345 1.7706248928771275 1.0 0.002982170644108
0.2789546551873773 0.8051046502318392 1.0 0.002982170644108
-0.2789546551873773 0.8051046502318392 1.0 0.002982170644108
0.27895465518737733 2.336488003357954 1.0 0.002982170644108
-0.27895465518737733 2.336488003357954 1.0 0.002982170644108
2.8626379984024166 0.8051046502318392 1.0 0.002982170644108
-2.8626379984024166 0.8051046502318392 1.0 0.002982170644108
2.862637998402416 2.336488003357954 1.0 0.002982170644108
-2.862637998402416 2.336488003357954 1.0 0.002982170644108
1.2918416716075198 0.8051046502318392 1.0 0.002982170644108
1.8497509819822737 0.8051046502318392 1.0 0.002982170644108
1.2918416716075198 2.336488003357954 1.0 0.002982170644108
1.8497509819822737 2.336488003357954 1.0 0.002982170644108
-1.2918416716075198 0.8051046502318392 1.0 0.002982170644108
-1.8497509819822737 0.8051046502318392 1.0 0.002982170644108
-1.2918416716075198 2.336488003357954 1.0 0.002982170644108
-1.8497509819822737 2.336488003357954 1.0 0.002982170644108
0.7853981633974483 0.5355231031598517 1.0 0.002721564237311
0.7853981633974483 2.6060695504299414 1.0 0.002721564237311
-0.7853981633974483 0.5355231031598517 1.0 0.002721564237311
-0.7853981633974483 2.6060695504299414 1.0 0.002721564237311
2.356194490192345 0.5355231031598517 1.0 0.002721564237311
2.356194490192345 2.6060695504299414 1.0 0.002721564237311
-2.356194490192345 0.5355231031598517 1.0 0.002721564237311
-2.356194490192345 2.6060695504299414 1.0 0.002721564237311
1.1735346536371274 1.2016384047405335 1.0 0.002721564237311
-1.1735346536371274 1.2016384047405335 1.0 0.002721564237311
1.1735346536371274 1.9399542488492596 1.0 0.002721564237311
-1.1735346536371274 1.9399542488492596 1.0 0.002721564237311
1.9680579999526662 1.2016384047405335 1.0 0.002721564237311
-1.9680579999526662 1.2016384047405335 1.0 0.002721564237311
1.9680579999526662 1.9399542488492596 1.0 0.002721564237311
-1.9680579999526662 1.9399542488492596 1.0 0.002721564237311
0.39726167315776956 1.2016384047405335 1.0 0.002721564237311
2.7443309804320237 1.2016384047405335 1.0 0.002721564237311
0.39726167315776956 1.9399542488492596 1.0 0.002721564237311
2.7443309804320237 1.9399542488492596 1.0 0.002721564237311
-0.39726167315776956 1.2016384047405335 1.0 0.002721564237311
-2.7443309804320237 1.2016384047405335 1.0 0.002721564237311
-0.39726167315776956 1.9399542488492596 1.0 0.002721564237311
-2.7443309804320237 1.9399542488492596 1.0 0.002721564237311
0.7853981633974483 1.165599247678719 1.0 0.003033513795811
0.7853981633974483 1.9759934059110746 1.0 0.003033513795811
-0.7853981633974483 1.165599247678719 1.0 0.003033513795811
-0.7853981633974483 1.9759934059110746 1.0 0.003033513795811
2.356194490192345 1.165599247678719 1.0 0.003033513795811
2.356194490192345 1.9759934059110746 1.0 0.003033513795811
-2.356194490192345 1.165599247678719 1.0 0.003033513795811
-2.356194490192345 1.9759934059110746 1.0 0.003033513795811
0.5452602467126647 0.8634110796243724 1.0 0.003033513795811
-0.5452602467126647 0.8634110796243724 1.0 0.003033513795811
0.5452602467126647 2.278181573965421 1.0 0.003033513795811
-0.5452602467126647 2.278181573965421 1.0 0.003033513795811
2.5963324068771287 0.8634110796243724 1.0 0.003033513795811
-2.5963324068771287 0.8634110796243724 1.0 0.003033513795811
2.5963324068771287 2.278181573965421 1.0 0.003033513795811
-2.5963324068771287 2.278181573965421 1.0 0.003033513795811
1.0255360800822317 0.8634110796243724 1.0 0.003033513795811
2.1160565735075614 0.8634110796243724 1.0 0.003033513795811
1.0255360800822317 2.278181573965421 1.0 0.003033513795811
2.1160565735075614 2.2781815739654214 1.0 0.003033513795811
-1.0255360800822317 0.8634110796243724 1.0 0.003033513795811
-2.1160565735075614 0.8634110796243724 1.0 0.003033513795811
-1.0255360800822317 2.278181573965421 1.0 0.003033513795811
-2.1160565735075614 2.2781815739654214 1.0 0.003033513795811
1.376277456555605 1.5707963267948966 1.0 0.003007949555219
-1.376277456555605 1.5707963267948966 1.0 0.003007949555219
1.7653151970341883 1.5707963267948966 1.0 0.003007949555219
-1.7653151970341883 1.5707963267948966 1.0 0.003007949555219
0.19451887023929162 1.5707963267948966 1.0 0.003007949555219
-0.19451887023929162 1.5707963267948966 1.0 0.003007949555219
2.9470737833505014 1.5707963267948966 1.0 0.003007949555219
-2.9470737833505014 1.5707963267948966 1.0 0.003007949555219
0.0 0.19451887023929162 1.0 0.003007949555219
0.0 2.9470737833505014 1.0 0.003007949555219
3.141592653589793 0.19451887023929162 1.0 0.003007949555219
3.141592653589793 2.9470737833505014 1.0 0.003007949555219
0.0 1.376277456555605 1.0 0.003007949555219
0.0 1.7653151970341883 1.0 0.003007949555219
3.141592653589793 1.376277456555605 1.0 0.003007949555219
3.141592653589793 1.7653151970341883 1.0 0.003007949555219
1.5707963267948966 0.19451887023929162 1.0 0.003007949555219
1.5707963267948966 2.9470737833505014 1.0 0.003007949555219
-1.5707963267948966 0.19451887023929162 1.0 0.003007949555219
-1.5707963267948966 2.9470737833505014 1.0 0.003007949555219
1.5707963267948966 1.376277456555605 1.0 0.003007949555219
1.5707963267948966 1.7653151970341883 1.0 0.003007949555219
-1.5707963267948966 1.376277456555605 1.0 0.003007949555219
-1.5707963267948966 1.7653151970341883 1.0 0.003007949555219
1.1809465240968844 1.5707963267948966 1.0 0.002881964603055
-1.1809465240968844 1.5707963267948966 1.0 0.002881964603055
1.9606461294929092 1.5707963267948966 1.0 0.002881964603055
-1.9606461294929092 1.5707963267948966 1.0 0.002881964603055
0.3898498026980123 1.5707963267948966 1.0 0.002881964603055
-0.3898498026980123 1.5707963267948966 1.0 0.002881964603055
2.751742850891781 1.5707963267948966 1.0 0.002881964603055
-2.751742850891781 1.5707963267948966 1.0 0.002881964603055
0.0 0.3898498026980122 1.0 0.002881964603055
0.0 2.751742850891781 1.0 0.002881964603055
3.141592653589793 0.3898498026980122 1.0 0.002881964603055
3.141592653589793 2.751742850891781 1.0 0.002881964603055
0.0 1.1809465240968844 1.0 0.002881964603055
0.0 1.9606461294929092 1.0 0.002881964603055
3.141592653589793 1.1809465240968844 1.0 0.002881964603055
3.141592653589793 1.9606461294929092 1.0 0.002881964603055
1.5707963267948966 0.3898498026980122 1.0 0.002881964603055
1.5707963267948966 2.751742850891781 1.0 0.002881964603055
-1.5707963267948966 0.3898498026980122 1.0 0.002881964603055
-1.5707963267948966 2.751742850891781 1.0 0.002881964603055
1.5707963267948966 1.1809465240968844 1.0 0.002881964603055
1.5707963267948966 1.9606461294929092 1.0 0.002881964603055
-1.5707963267948966 1.1809465240968844 1.0 0.002881964603055
-1.5707963267948966 1.9606461294929092 1.0 0.002881964603055
1.220437555645566 1.0061429288424182 1.0 0.002958357626536
1.220437555645566 2.135449724747375 1.0 0.002958357626536
-1.220437555645566 1.0061429288424182 1.0 0.002958357626536
-1.220437555645566 2.135449724747375 1.0 0.002958357626536
1.9211550979442273 1.0061429288424182 1.0 0.002958357626536
1.9211550979442273 2.135449724747375 1.0 0.002958357626536
-1.9211550979442273 1.0061429288424182 1.0 0.002958357626536
-1.9211550979442273 2.135449724747375 1.0 0.002958357626536
1.0742326206246873 0.6543334521947842 1.0 0.002958357626536
1.0742326206246873 2.487259201395009 1.0 0.002958357626536
-1.0742326206246873 0.6543334521947842 1.0 0.002958357626536
-1.0742326206246873 2.487259201395009 1.0 0.002958357626536
2.067360032965106 0.6543334521947842 1.0 0.002958357626536
2.067360032965106 2.487259201395009 1.0 0.002958357626536
-2.067360032965106 0.6543334521947842 1.0 0.002958357626536
-2.067360032965106 2.487259201395009 1.0 0.002958357626536
0.3503587711493308 1.0061429288424182 1.0 0.002958357626536
0.3503587711493308 2.135449724747375 1.0 0.002958357626536
-0.3503587711493308 1.0061429288424182 1.0 0.002958357626536
-0.3503587711493308 2.135449724747375 1.0 0.002958357626536
2.791233882440463 1.0061429288424182 1.0 0.002958357626536
2.791233882440463 2.135449724747375 1.0 0.002958357626536
-2.791233882440463 1.0061429288424182 1.0 0.002958357626536
-2.791233882440463 2.135449724747375 1.0 0.002958357626536
0.5933527907078092 1.2766155871792735 1.0 0.002958357626536
0.5933527907078092 1.86497706641052 1.0 0.002958357626536
-0.5933527907078092 1.2766155871792735 1.0 0.002958357626536
-0.5933527907078092 1.86497706641052 1.0 0.002958357626536
2.548239862881984 1.2766155871792735 1.0 0.002958357626536
2.548239862881984 1.86497706641052 1.0 0.002958357626536
-2.548239862881984 1.2766155871792735 1.0 0.002958357626536
-2.548239862881984 1.86497706641052 1.0 0.002958357626536
0.4965637061702094 0.6543334521947842 1.0 0.002958357626536
0.4965637061702094 2.487259201395009 1.0 0.002958357626536
-0.4965637061702094 0.6543334521947842 1.0 0.002958357626536
-0.4965637061702094 2.487259201395009 1.0 0.002958357626536
2.6450289474195845 0.6543334521947842 1.0 0.002958357626536
2.6450289474195845 2.487259201395009 1.0 0.002958357626536
-2.6450289474195845 0.6543334521947842 1.0 0.002958357626536
-2.6450289474195845 2.487259201395009 1.0 0.002958357626536
0.9774435360870873 1.2766155871792735 1.0 0.002958357626536
0.9774435360870875 1.86497706641052 1.0 0.002958357626536
-0.9774435360870873 1.2766155871792735 1.0 0.002958357626536
-0.9774435360870875 1.86497706641052 1.0 0.002958357626536
2.164149117502706 1.2766155871792735 1.0 0.002958357626536
2.164149117502706 1.86497706641052 1.0 0.002958357626536
-2.164149117502706 1.2766155871792735 1.0 0.002958357626536
-2.164149117502706 1.86497706641052 1.0 0.002958357626536
1.454378467331929 0.9858170867936178 1.0 0.003036020026407
1.454378467331929 2.1557755667961755 1.0 0.003036020026407
-1.454378467331929 0.9858170867936178 1.0 0.003036020026407
-1.454378467331929 2.1557755667961755 1.0 0.003036020026407
1.6872141862578642 0.9858170867936178 1.0 0.003036020026407
1.6872141862578642 2.1557755667961755 1.0 0.003036020026407
-1.6872141862578642 0.9858170867936178 1.0 0.003036020026407
-1.6872141862578642 2.1557755667961755 1.0 0.003036020026407
1.397182815047495 0.5951219285419916 1.0 0.003036020026407
1.397182815047495 2.546470725047802 1.0 0.003036020026407
-1.397182815047495 0.5951219285419916 1.0 0.003036020026407
-1.397182815047495 2.546470725047802 1.0 0.003036020026407
1.7444098385422986 0.5951219285419916 1.0 0.003036020026407
1.7444098385422984 2.546470725047802 1.0 0.003036020026407
-1.7444098385422986 0.5951219285419916 1.0 0.003036020026407
-1.7444098385422984 2.546470725047802 1.0 0.003036020026407
0.11641785946296783 0.9858170867936178 1.0 0.003036020026407
0.11641785946296786 2.1557755667961755 1.0 0.003036020026407
-0.11641785946296783 0.9858170867936178 1.0 0.003036020026407
-0.11641785946296786 2.1557755667961755 1.0 0.003036020026407
3.0251747941268254 0.9858170867936178 1.0 0.003036020026407
3.0251747941268254 2.1557755667961755 1.0 0.003036020026407
-3.0251747941268254 0.9858170867936178 1.0 0.003036020026407
-3.0251747941268254 2.1557755667961755 1.0 0.003036020026407
0.5881101444310801 1.473803103476013 1.0 0.003036020026407
0.5881101444310801 1.6677895501137803 1.0 0.003036020026407
-0.5881101444310801 1.473803103476013 1.0 0.003036020026407
-0.5881101444310801 1.6677895501137803 1.0 0.003036020026407
2.553482509158713 1.473803103476013 1.0 0.003036020026407
2.553482509158713 1.6677895501137803 1.0 0.003036020026407
-2.553482509158713 1.473803103476013 1.0 0.003036020026407
-2.553482509158713 1.6677895501137803 1.0 0.003036020026407
0.17361351174740158 0.5951219285419916 1.0 0.003036020026407
0.17361351174740164 2.546470725047802 1.0 0.003036020026407
-0.17361351174740158 0.5951219285419916 1.0 0.003036020026407
-0.17361351174740164 2.546470725047802 1.0 0.003036020026407
2.9679791418423918 0.5951219285419915 1.0 0.003036020026407
2.9679791418423918 2.546470725047802 1.0 0.003036020026407
-2.9679791418423918 0.5951219285419915 1.0 0.003036020026407
-2.9679791418423918 2.546470725047802 1.0 0.003036020026407
0.9826861823638166 1.473803103476013 1.0 0.003036020026407
0.9826861823638166 1.6677895501137803 1.0 0.003036020026407
-0.9826861823638166 1.473803103476013 1.0 0.003036020026407
-0.9826861823638166 1.6677895501137803 1.0 0.003036020026407
2.158906471225977 1.473803103476013 1.0 0.003036020026407
2.158906471225977 1.6677895501137803 1.0 0.003036020026407
-2.158906471225977 1.473803103476013 1.0 0.003036020026407
-2.158906471225977 1.6677895501137803 1.0 0.003036020026407
1.3714409858004204 1.1831513399287283 1.0 0.002832187403926
1.3714409858004204 1.958441313661065 1.0 0.002832187403926
-1.3714409858004204 1.1831513399287283 1.0 0.002832187403926
-1.3714409858004204 1.958441313661065 1.0 0.002832187403926
1.770151667789373 1.1831513399287283 1.0 0.002832187403926
1.770151667789373 1.958441313661065 1.0 0.002832187403926
-1.770151667789373 1.1831513399287283 1.0 0.002832187403926
-1.770151667789373 1.958441313661065 1.0 0.002832187403926
1.119201274844662 0.4335840560196216 1.0 0.002832187403926
1.119201274844662 2.7080085975701715 1.0 0.002832187403926
-1.119201274844662 0.4335840560196216 1.0 0.002832187403926
-1.119201274844662 2.7080085975701715 1.0 0.002832187403926
2.0223913787451315 0.4335840560196216 1.0 0.002832187403926
2.0223913787451315 2.7080085975701715 1.0 0.002832187403926
-2.0223913787451315 0.4335840560196216 1.0 0.002832187403926
-2.0223913787451315 2.7080085975701715 1.0 0.002832187403926
0.19935534099447652 1.1831513399287283 1.0 0.002832187403926
0.19935534099447652 1.958441313661065 1.0 0.002832187403926
-0.19935534099447652 1.1831513399287283 1.0 0.002832187403926
-0.19935534099447652 1.958441313661065 1.0 0.002832187403926
2.9422373125953167 1.1831513399287283 1.0 0.002832187403926
2.9422373125953167 1.958441313661065 1.0 0.002832187403926
-2.9422373125953167 1.1831513399287283 1.0 0.002832187403926
-2.9422373125953167 1.958441313661065 1.0 0.002832187403926
0.3946957449827005 1.3864098296989618 1.0 0.002832187403926
0.3946957449827005 1.7551828238908316 1.0 0.002832187403926
-0.3946957449827005 1.3864098296989618 1.0 0.002832187403926
-0.3946957449827005 1.7551828238908316 1.0 0.002832187403926
2.746896908607093 1.3864098296989618 1.0 0.002832187403926
2.746896908607093 1.7551828238908316 1.0 0.002832187403926
-2.746896908607093 1.3864098296989618 1.0 0.002832187403926
-2.746896908607093 1.7551828238908316 1.0 0.002832187403926
0.4515950519502349 0.4335840560196216 1.0 0.002832187403926
0.45159505195023475 2.7080085975701715 1.0 0.002832187403926
-0.4515950519502349 0.4335840560196216 1.0 0.002832187403926
-0.45159505195023475 2.7080085975701715 1.0 0.002832187403926
2.689997601639558 0.4335840560196216 1.0 0.002832187403926
2.6899976016395586 2.7080085975701715 1.0 0.002832187403926
-2.689997601639558 0.4335840560196216 1.0 0.002832187403926
-2.6899976016395586 2.7080085975701715 1.0 0.002832187403926
1.1761005818121961 1.3864098296989618 1.0 0.002832187403926
1.1761005818121961 1.7551828238908316 1.0 0.002832187403926
-1.1761005818121961 1.3864098296989618 1.0 0.002832187403926
-1.1761005818121961 1.7551828238908316 1.0 0.002832187403926
1.9654920717775972 1.3864098296989618 1.0 0.002832187403926
1.9654920717775972 1.7551828238908316 1.0 0.002832187403926
-1.9654920717775972 1.3864098296989618 1.0 0.002832187403926
-1.9654920717775972 1.7551828238908316 1.0 0.002832187403926
