# # r T rho v
1.000000000171451242e-01 1.122903199758314763e+00 1.948802693558983634e+01 2.715106077799007167e+01
1.006956740798234107e-01 1.124132219414226030e+00 1.921977838192476185e+01 2.715092753478345955e+01
1.017076824289785686e-01 1.125894090150204807e+00 1.883934217159753288e+01 2.715072447163461788e+01
1.027298616311332763e-01 1.127642048311773948e+00 1.846644517750980086e+01 2.715050837828237462e+01
1.037623139050596055e-01 1.129374924306982386e+00 1.810093796473458028e+01 2.715027903430139133e+01
1.048051424968453188e-01 1.131092206525898591e+00 1.774267407739485947e+01 2.715003618953975817e+01
1.058584516902186384e-01 1.132819276050877511e+00 1.739151056925371819e+01 2.714977864147420306e+01
1.069223468169766406e-01 1.134568950559458500e+00 1.704730698859938443e+01 2.714950566455303971e+01
1.079969342675186211e-01 1.136332736998537207e+00 1.670992516683071116e+01 2.714921731446685627e+01
1.090823215014850717e-01 1.138107437836687552e+00 1.637922980757930702e+01 2.714891344110528593e+01
1.101786170585038888e-01 1.139893053411081603e+00 1.605508837099236175e+01 2.714859377084895442e+01
1.112859305690444139e-01 1.141689562379653688e+00 1.573737094422183525e+01 2.714825802576664415e+01
1.124043727653804142e-01 1.143496920613293666e+00 1.542595018936405538e+01 2.714790592354696841e+01
1.135340554926635714e-01 1.145315060059526768e+00 1.512070129243133643e+01 2.714753717742798855e+01
1.146750917201080078e-01 1.147143887579104904e+00 1.482150191333485445e+01 2.714715149612540657e+01
1.158275955522873740e-01 1.148983283757062379e+00 1.452823213685827852e+01 2.714674858375994759e+01
1.169916822405452778e-01 1.150833101689922033e+00 1.424077442460373355e+01 2.714632813978194292e+01
1.181674681945206334e-01 1.152693165750909854e+00 1.395901356788967007e+01 2.714588985889481165e+01
1.193550709937886423e-01 1.154563270335150493e+00 1.368283664158244761e+01 2.714543343097643913e+01
1.205546093996189422e-01 1.156441107334770679e+00 1.341213292125076428e+01 2.714495861708177316e+01
1.217662033668516913e-01 1.158320735171068705e+00 1.314679381677648529e+01 2.714446530252226353e+01
1.229899740558933197e-01 1.160201356486057378e+00 1.288671298791412667e+01 2.714395317451281286e+01
1.242260438448325316e-01 1.162082305485477640e+00 1.263178620538291774e+01 2.714342190870995708e+01
1.254745363416782666e-01 1.163962866131301954e+00 1.238191130575073551e+01 2.714287117578336606e+01
1.267355763967206173e-01 1.165842270549644732e+00 1.213698815050329216e+01 2.714230064132274478e+01
1.280092901150159668e-01 1.167719697439625337e+00 1.189691858592416374e+01 2.714170996574234707e+01
1.292958048689975825e-01 1.169594270486322696e+00 1.166160640376998003e+01 2.714109880418172338e+01
1.305952493112129964e-01 1.171465056780982117e+00 1.143095730272503374e+01 2.714046680640286269e+01
1.319077533871892416e-01 1.173331065251689065e+00 1.120487885061918476e+01 2.713981361668495040e+01
1.332334483484277077e-01 1.175191245107670035e+00 1.098328044739516507e+01 2.713913887371373690e+01
1.345724667655292250e-01 1.177044216009039523e+00 1.076607328488075765e+01 2.713844222037087306e+01
1.359249425414514045e-01 1.178879458321684837e+00 1.055317018633530779e+01 2.713772362572910168e+01
1.372910109248989541e-01 1.180691099000698685e+00 1.034448577962429106e+01 2.713698287255143526e+01
1.386708085238485266e-01 1.182477211403577089e+00 1.013993644411254280e+01 2.713621958824735714e+01
1.400644733192098756e-01 1.184237059252624569e+00 9.939440233910271871e+00 2.713543334714767497e+01
1.414721446786239567e-01 1.186006326569607028e+00 9.742917305780357751e+00 2.713462238242410862e+01
1.428939633703996959e-01 1.187798155933485145e+00 9.550289069536843201e+00 2.713378577410857417e+01
1.443300715775912291e-01 1.189613218965919428e+00 9.361478323339527563e+00 2.713292305689645190e+01
1.457806129122159733e-01 1.191452205016711785e+00 9.176409395728679641e+00 2.713203375706015308e+01
1.472457324296161385e-01 1.193315821304058444e+00 8.995008115283738448e+00 2.713111739231147368e+01
1.487255766429644854e-01 1.195204793016184430e+00 8.817201780883447526e+00 2.713017347166257665e+01
1.502202935379155224e-01 1.197119863371193915e+00 8.642919132555583417e+00 2.712920149528584091e+01
1.517300325874043621e-01 1.199058492639490270e+00 8.472090285007928046e+00 2.712820107571968720e+01
1.532549447665940423e-01 1.201011005176719326e+00 8.304646661534205165e+00 2.712717207435060729e+01
1.547951825679732551e-01 1.202976477040349490e+00 8.140521149643774379e+00 2.712611401666245214e+01
1.563509000166056762e-01 1.204954613553325116e+00 7.979647974839715552e+00 2.712502639529856552e+01
1.579222526855326436e-01 1.206945078420935458e+00 7.821962666364798977e+00 2.712390869471366628e+01
1.595093977113304362e-01 1.208947491693538323e+00 7.667402031361513437e+00 2.712276039105350023e+01
1.611124938098243142e-01 1.210961427704632998e+00 7.515904129544533241e+00 2.712158095203174213e+01
1.627317012919600459e-01 1.212986412988633189e+00 7.367408248375580726e+00 2.712036983680381041e+01
1.643671820798351391e-01 1.215021924182977386e+00 7.221854878730827210e+00 2.711912649583690538e+01
1.660190997228913889e-01 1.217067385919390343e+00 7.079185691050997598e+00 2.711785037077627791e+01
1.676876194142696563e-01 1.219122168709352971e+00 6.939343511964299438e+00 2.711654089430877335e+01
1.693729080073294035e-01 1.221185382599089264e+00 6.802272299480724982e+00 2.711519749756563868e+01
1.710751340323344860e-01 1.223246711007724308e+00 6.667917038168337029e+00 2.711381994565707032e+01
1.727944677133059215e-01 1.225299027560099452e+00 6.536223838929603680e+00 2.711240786679169901e+01
1.745310809850445233e-01 1.227340462162807455e+00 6.407139930799391259e+00 2.711096068129505809e+01
1.762851475103246746e-01 1.229369039776384787e+00 6.280613588854542684e+00 2.710947780053444234e+01
1.780568426972606866e-01 1.231382677876680098e+00 6.156594113492120712e+00 2.710795862674395096e+01
1.798463437168475731e-01 1.233379183988689398e+00 6.035031810118338669e+00 2.710640255284327438e+01
1.816538295206785725e-01 1.235356253297773765e+00 5.915877969240168177e+00 2.710480896224904868e+01
1.834794808588403880e-01 1.237311466342634114e+00 5.799084846951569006e+00 2.710317722867895185e+01
1.853234802979881746e-01 1.239242323967401083e+00 5.684605646094457398e+00 2.710150671457536475e+01
1.871860122396024617e-01 1.241179302305929655e+00 5.572394747050072539e+00 2.709979555719117883e+01
1.890672629384296255e-01 1.243154966983435417e+00 5.462407429723449503e+00 2.709804183447099746e+01
1.909674205211071840e-01 1.245167816050743337e+00 5.354599595894242725e+00 2.709624487870629395e+01
1.928866750049768874e-01 1.247207086951389821e+00 5.248927957365093100e+00 2.709440434588635682e+01
1.948252183170865182e-01 1.249271539849300394e+00 5.145350156683304199e+00 2.709251952202800240e+01
1.967832443133827602e-01 1.251361292424982619e+00 5.043824686166319182e+00 2.709058962918258473e+01
1.987609487980969425e-01 1.253476430943471831e+00 4.944310860890658965e+00 2.708861387671589327e+01
2.007585295433255701e-01 1.255617007769266325e+00 4.846768802378952579e+00 2.708659146115363825e+01
2.027761863088078931e-01 1.257783038815768917e+00 4.751159422610931493e+00 2.708452156602443495e+01
2.048141208619017883e-01 1.259974500935003627e+00 4.657444408351661735e+00 2.708240336170155516e+01
2.068725369977609252e-01 1.262191329253972594e+00 4.565586205791063001e+00 2.708023600524138885e+01
2.089516405597141302e-01 1.264433414464577243e+00 4.475548005488281689e+00 2.707801864022005134e+01
2.110516394598503098e-01 1.266700600074611049e+00 4.387293727615095840e+00 2.707575039656641280e+01
2.131727436998093750e-01 1.268992607596537203e+00 4.300788007068801377e+00 2.707343039305812482e+01
2.153151653917830255e-01 1.271299760593478378e+00 4.215996126283692469e+00 2.707105807780767393e+01
2.174791187797256720e-01 1.273612742421724731e+00 4.132884062671451808e+00 2.706863286071871499e+01
2.196648202607795752e-01 1.275929684816351051e+00 4.051418512834333185e+00 2.706615385675504726e+01
2.218724884069141479e-01 1.278248587774942546e+00 3.971566833511340544e+00 2.706362016785882574e+01
2.241023439867837752e-01 1.280567316045958526e+00 3.893297028503752255e+00 2.706103088273673407e+01
2.263546099878046558e-01 1.282883595793198994e+00 3.816577735860231968e+00 2.705838507663582604e+01
2.286295116384538251e-01 1.285195011450661173e+00 3.741378215316474076e+00 2.705568181110784209e+01
2.309272764307920278e-01 1.287499002781176571e+00 3.667668335984141770e+00 2.705292013376244142e+01
2.332481341432133537e-01 1.289792862151084352e+00 3.595418564284198037e+00 2.705009907800832636e+01
2.355923168634231069e-01 1.292073732032022582e+00 3.524599952119687796e+00 2.704721766278241546e+01
2.379600590116467407e-01 1.294338602739529609e+00 3.455184125283043972e+00 2.704427489226734238e+01
2.403515973640723280e-01 1.296582115747839659e+00 3.387143261948465156e+00 2.704126983658813188e+01
2.427671710765279267e-01 1.298806130523959323e+00 3.320450126400905866e+00 2.703820127424710407e+01
2.452070217083978376e-01 1.301063461694885515e+00 3.255078246145082232e+00 2.703506610225017326e+01
2.476713932467784485e-01 1.303358600300558834e+00 3.191001445772772449e+00 2.703186300845690582e+01
2.501605321308773000e-01 1.305691751398877498e+00 3.128194049346360028e+00 2.702859082053475603e+01
2.526746872766569840e-01 1.308063059032191555e+00 3.066630889792119508e+00 2.702524834864414771e+01
2.552141101017273428e-01 1.310472601079720745e+00 3.006287298808949959e+00 2.702183438531354298e+01
2.577790545504868858e-01 1.312920384017800979e+00 2.947139096977966055e+00 2.701834770531300833e+01
2.603697771195181976e-01 1.315406337609238641e+00 2.889162584068933892e+00 2.701478706552599007e+01
2.629865368832369210e-01 1.317930309544662615e+00 2.832334529539672019e+00 2.701115120481896170e+01
2.656295955198001990e-01 1.320492060060212136e+00 2.776632163224664662e+00 2.700743884390715621e+01
2.682992173372741873e-01 1.323091256557202611e+00 2.722033166209068877e+00 2.700364868521684159e+01
2.709956693000653005e-01 1.325721586668899832e+00 2.668515640448066328e+00 2.699977962963416900e+01
2.737192210556169125e-01 1.328373276337748710e+00 2.616058111705164002e+00 2.699583067716031692e+01
2.764701449613741757e-01 1.331044050796095002e+00 2.564639560307627075e+00 2.699180052348311776e+01
2.792487161120202344e-01 1.333731653492167712e+00 2.514239383904303349e+00 2.698768783945868321e+01
2.820552123669854416e-01 1.336433639408162177e+00 2.464837388466116330e+00 2.698349127837646932e+01
2.848899143782341326e-01 1.339147370787018954e+00 2.416413780206096540e+00 2.697920947571372707e+01
2.877531056183297298e-01 1.341870013339152345e+00 2.368949157660407590e+00 2.697484104887027101e+01
2.906450724087821791e-01 1.344598532959320414e+00 2.322424503927062567e+00 2.697038459688312173e+01
2.935661039486805457e-01 1.347329692980784088e+00 2.276821179059027145e+00 2.696583870012153383e+01
2.965164923436130473e-01 1.350060051990600307e+00 2.232120912608670071e+00 2.696120191996057258e+01
2.994965326348777990e-01 1.352785962226207728e+00 2.188305796320262786e+00 2.695647279843517552e+01
3.025065228289873231e-01 1.355503013192223660e+00 2.145358275324303232e+00 2.695164987851768856e+01
3.055467639274693226e-01 1.358191149621757132e+00 2.103261098511731042e+00 2.694673225163418095e+01
3.086175599569672134e-01 1.360890276292733736e+00 2.061997530485377261e+00 2.694171675429219093e+01
3.117192179996430279e-01 1.363644169991114596e+00 2.021551168323362457e+00 2.693660009563630808e+01
3.148520482238856277e-01 1.366452556305001842e+00 1.981905805897466344e+00 2.693138060698366587e+01
3.180163639153282817e-01 1.369314982166134342e+00 1.943045558078426716e+00 2.692605659997747836e+01
3.212124815081768836e-01 1.372230804087523959e+00 1.904954854374547146e+00 2.692062636664983799e+01
3.244407206168543611e-01 1.375199176651172195e+00 1.867618432698070707e+00 2.691508817947438459e+01
3.277014040679616103e-01 1.378219041338820672e+00 1.831021333257146111e+00 2.690944029140142746e+01
3.309948579325611151e-01 1.381289115799737566e+00 1.795148892570686439e+00 2.690368093587542830e+01
3.343214115587838098e-01 1.384407883649561910e+00 1.759986737603687512e+00 2.689780832683198852e+01
3.376813976047644550e-01 1.387573584893224465e+00 1.725520780020717515e+00 2.689182065866954474e+01
3.410751520719077501e-01 1.390779906313317937e+00 1.691737200513349082e+00 2.688571626578159979e+01
3.445030143384884003e-01 1.394009602258321712e+00 1.658622430068749987e+00 2.687949385235904742e+01
3.479653271935898018e-01 1.397256954009876262e+00 1.626163197387898940e+00 2.687315165708668374e+01
3.514624368713826219e-01 1.400517117996669780e+00 1.594346497032600452e+00 2.686668785438270746e+01
3.549946930857489358e-01 1.403784901305087374e+00 1.563159581309462753e+00 2.686010059974931252e+01
3.585624490652536411e-01 1.407054762360759215e+00 1.532589955191994591e+00 2.685338802933846836e+01
3.621660615884679246e-01 1.410320813261462414e+00 1.502625371344101346e+00 2.684654825946530465e+01
3.658058910196471114e-01 1.413576823773490698e+00 1.473253825242507808e+00 2.683957938607344218e+01
3.694823013447675053e-01 1.416816226988522276e+00 1.444463550395955309e+00 2.683247948415247564e+01
3.731956602079253837e-01 1.420032126623023139e+00 1.416243013659015837e+00 2.682524660710905806e+01
3.769463389481014226e-01 1.423229854150809714e+00 1.388580934823253621e+00 2.681787831900803809e+01
3.807347126362952694e-01 1.426485295449530399e+00 1.361466388711508602e+00 2.681036954886397083e+01
3.845611601130328183e-01 1.429811085168756435e+00 1.334888538784169132e+00 2.680271759567635925e+01
3.884260640262502395e-01 1.433202324960555663e+00 1.308836730129436576e+00 2.679492038213109595e+01
3.923298108695598696e-01 1.436656652075738005e+00 1.283300524290416522e+00 2.678697570417028118e+01
3.962727910208989623e-01 1.440171297299529085e+00 1.258269689404531322e+00 2.677888134131807973e+01
4.002553987815686831e-01 1.443743065332226072e+00 1.233734196118092097e+00 2.677063505708405344e+01
4.042780324156637350e-01 1.447368322361896054e+00 1.209684213594499402e+00 2.676223459910479008e+01
4.083410941898998892e-01 1.451042985783393746e+00 1.186110105604330833e+00 2.675367769921480487e+01
4.124449904138403622e-01 1.454762516228632174e+00 1.163002426695486813e+00 2.674496207344251175e+01
4.165901314805275923e-01 1.458521912052121783e+00 1.140351918441552703e+00 2.673608542192888038e+01
4.207769319075223557e-01 1.462315706392381509e+00 1.118149505766605101e+00 2.672704542876540046e+01
4.250058103783566077e-01 1.466137966904468293e+00 1.096386293344585816e+00 2.671783976175203179e+01
4.292771897844013806e-01 1.469981935823566843e+00 1.075053561524229817e+00 2.670846608567006442e+01
4.335914972671566781e-01 1.473830403791516641e+00 1.054142748788177597e+00 2.669892241991958670e+01
4.379491642609662505e-01 1.477671925801503860e+00 1.033645473427854178e+00 2.668920652702102103e+01
4.423506265361606959e-01 1.481497678965192133e+00 1.013553524593787447e+00 2.667931603546474051e+01
4.467963242426355452e-01 1.485298405713144199e+00 9.938588542935030690e-01 2.666924855468531064e+01
4.512867019538661650e-01 1.489066756393908175e+00 9.745535773944679070e-01 2.665900158691818334e+01
4.558222087113656396e-01 1.492880345286246024e+00 9.556300791862826216e-01 2.664856943118354593e+01
4.604032980695894062e-01 1.496777046202794281e+00 9.370808353620493358e-01 2.663794790431906634e+01
4.650304281412908636e-01 1.500753357303448610e+00 9.188984140705614978e-01 2.662713435528675632e+01
4.697040616433330595e-01 1.504805161301562499e+00 9.010755303748714251e-01 2.661612612540637812e+01
4.744246659429608437e-01 1.508927707695844278e+00 8.836050433667335113e-01 2.660492054892202773e+01
4.791927131045382593e-01 1.513115598861440425e+00 8.664799533420562971e-01 2.659351495344237648e+01
4.840086799367546710e-01 1.517361994163500816e+00 8.496933980923216945e-01 2.658190668976619975e+01
4.888730480403067347e-01 1.521656659398223921e+00 8.332386480365173709e-01 2.657009320381018824e+01
4.937863038560583173e-01 1.525991593283003711e+00 8.171091103876474415e-01 2.655807182471367511e+01
4.987489387136854746e-01 1.530358680569156915e+00 8.012983235040755936e-01 2.654583985470695850e+01
5.037614488808095370e-01 1.534749172066455891e+00 7.857999536941537855e-01 2.653339458885792368e+01
5.088243356126241901e-01 1.539153698063675746e+00 7.706077927242029890e-01 2.652073331469036788e+01
5.139381052020219887e-01 1.543562286284643204e+00 7.557157553767923641e-01 2.650785331167648806e+01
5.191032690302229691e-01 1.547964384284162609e+00 7.411178770578081831e-01 2.649475185061152516e+01
5.243203436179145749e-01 1.552348886136009298e+00 7.268083114509010789e-01 2.648142619287841981e+01
5.295898506769030067e-01 1.556704163215805181e+00 7.127813282178805387e-01 2.646787358961405801e+01
5.349123171622854889e-01 1.561051582393169879e+00 6.990313441211959411e-01 2.645409001765269608e+01
5.402882753251460057e-01 1.565484966142568490e+00 6.855529550181925780e-01 2.644006873853259876e+01
5.457182627657806151e-01 1.570006418497119860e+00 6.723407695161675024e-01 2.642580649690344075e+01
5.512028224874586657e-01 1.574610969374297564e+00 6.593894963469755233e-01 2.641130028314265132e+01
5.567425029507226952e-01 1.579292091157874056e+00 6.466939480201183699e-01 2.639654712401926062e+01
5.623378581282354460e-01 1.584042414222204709e+00 6.342490395211825005e-01 2.638154405569621019e+01
5.679894475601774406e-01 1.588853749690601447e+00 6.220497863444788278e-01 2.636628812328272176e+01
5.736978364102014449e-01 1.593717091615206805e+00 6.100913025418028823e-01 2.635077638121172328e+01
5.794635955219497037e-01 1.598622625558579591e+00 5.983687988124430923e-01 2.633500589342316189e+01
5.852873014761380555e-01 1.603559743639110025e+00 5.868775806331606448e-01 2.631897373335411672e+01
5.911695366482151437e-01 1.608517066017467911e+00 5.756130464268166547e-01 2.630267698374206020e+01
5.971108892665999424e-01 1.613482468716917806e+00 5.645706857683662205e-01 2.628611273624893840e+01
6.031119534715053687e-01 1.618443117588302282e+00 5.537460776269711449e-01 2.626927809091574062e+01
6.091733293743530897e-01 1.623385508152402679e+00 5.431348886429194778e-01 2.625217015546380850e+01
6.152956231177842961e-01 1.628299376961967360e+00 5.327328744198913668e-01 2.623478589762083857e+01
6.214794469362752150e-01 1.633189674046798157e+00 5.225358865763903848e-01 2.621712169341262211e+01
6.277254192173611358e-01 1.638158654039876705e+00 5.125399306224760476e-01 2.619917022892355973e+01
6.340341645634750556e-01 1.643226635923077827e+00 5.027410258749148708e-01 2.618092736701542833e+01
6.404063138544089373e-01 1.648386015813648964e+00 4.931352496295079990e-01 2.616239003378039385e+01
6.468425043104019112e-01 1.653628199116794484e+00 4.837187566123482552e-01 2.614355518661432853e+01
6.533433795558631907e-01 1.658943597457907870e+00 4.744877774836245843e-01 2.612441981527404522e+01
6.599095896837345876e-01 1.664321633886145735e+00 4.654386173743053079e-01 2.610498094266934999e+01
6.665417913205009537e-01 1.669750756510447021e+00 4.565676544546147797e-01 2.608523562538724860e+01
6.732406476918525451e-01 1.675218460610787607e+00 4.478713385331748453e-01 2.606518095395076173e+01
6.800068286890093017e-01 1.680711319148388672e+00 4.393461896856690752e-01 2.604481405282000139e+01
6.868410109357090398e-01 1.686215021481433984e+00 4.309887969118965656e-01 2.602413208014601764e+01
6.937438778558717711e-01 1.691722806082980535e+00 4.227958220447869397e-01 2.600313190595931800e+01
7.007161197419421450e-01 1.697230579091280278e+00 4.147639948465056681e-01 2.598181030812141756e+01
7.077584338239185646e-01 1.702724394295417554e+00 4.068901040543754233e-01 2.596016445170488041e+01
7.148715243390779683e-01 1.708190986461571637e+00 3.991710029140079774e-01 2.593819148226736004e+01
7.220561026023996076e-01 1.713709988584189992e+00 3.916036613525555876e-01 2.591588498698958531e+01
7.293128870776970363e-01 1.719337583198845776e+00 3.841850924534485068e-01 2.589323953829520519e+01
7.366426034494647501e-01 1.725064364348112722e+00 3.769123297472287137e-01 2.587025227222020263e+01
7.440459846954485812e-01 1.730879772468061795e+00 3.697824653002713124e-01 2.584692038676425341e+01
7.515237711599421777e-01 1.736772100117823348e+00 3.627926485947962076e-01 2.582324114313104246e+01
7.590767106278236698e-01 1.742728507970457752e+00 3.559400854340039055e-01 2.579921186661898602e+01
7.667055583993339640e-01 1.748735051115962502e+00 3.492220368713650491e-01 2.577482994716405074e+01
7.744110773656076585e-01 1.754776715576118029e+00 3.426358181630810851e-01 2.575009283954118544e+01
7.821940380849625729e-01 1.760848977459984921e+00 3.361788035721672285e-01 2.572499761715710065e+01
7.900552188599566650e-01 1.766953418056174563e+00 3.298484225023521899e-01 2.569954115403629302e+01
7.979954058152179952e-01 1.773076297022810888e+00 3.236421477547213321e-01 2.567372095528737574e+01
8.060153929760596192e-01 1.779202710774248963e+00 3.175575020697989359e-01 2.564753460376969585e+01
8.141159823478804070e-01 1.785317022554389954e+00 3.115920573682334216e-01 2.562097974528744260e+01
8.222979839963681092e-01 1.791436909162144042e+00 3.057434496566784343e-01 2.559405276212670088e+01
8.305622161285062255e-01 1.797667492219246599e+00 3.000094009303562737e-01 2.556674670825523421e+01
8.389095051743947762e-01 1.804010415273806123e+00 2.943876287844938711e-01 2.553905877171494865e+01
8.473406858698939725e-01 1.810453753244282149e+00 2.888758901139443225e-01 2.551098671898532899e+01
8.558566013400999983e-01 1.816984306445502240e+00 2.834719861219337500e-01 2.548252841401938795e+01
8.644581031836562346e-01 1.823587623952238612e+00 2.781737614835166350e-01 2.545368181909251959e+01
8.731460515579150261e-01 1.830248038632244389e+00 2.729791035278046341e-01 2.542444499521980461e+01
8.819213152649535425e-01 1.836958523471070137e+00 2.678859455076010310e-01 2.539481571637618629e+01
8.907847718384557245e-01 1.843730233443345856e+00 2.628922692022656604e-01 2.536479110811104221e+01
8.997373076314647555e-01 1.850550115739314716e+00 2.579960864829096701e-01 2.533436931677370652e+01
9.087798179050204928e-01 1.857403210434236840e+00 2.531954482589905409e-01 2.530354862493212309e+01
9.179132069176857422e-01 1.864273704884968463e+00 2.484884441582796144e-01 2.527232741166958263e+01
9.271383880159729252e-01 1.871144989570302508e+00 2.438732017949458153e-01 2.524070415236552023e+01
9.364562837256796834e-01 1.878080740663580883e+00 2.393479164711377338e-01 2.520867421440707901e+01
9.458678258441418629e-01 1.885159142557568668e+00 2.349108229433860273e-01 2.517623252537312339e+01
9.553739555334143096e-01 1.892369167633263238e+00 2.305601569992495048e-01 2.514337765113869594e+01
9.649756234143876954e-01 1.899697521339151818e+00 2.262941889732052458e-01 2.511010832334702769e+01
9.746737896618514752e-01 1.907129519441503440e+00 2.221112234220626591e-01 2.507642340614356513e+01
9.844694241005124136e-01 1.914649119689352919e+00 2.180095984859980740e-01 2.504232189649661677e+01
9.943635063019771181e-01 1.922243786008745348e+00 2.139876869127229631e-01 2.500780273133046094e+01
1.004357025682711235e+00 1.929931156926808278e+00 2.100439041827696085e-01 2.497286373145338345e+01
1.014450981602980750e+00 1.937704703370989545e+00 2.061766889577477113e-01 2.493750378551467861e+01
1.024646383466788713e+00 1.945549616189008013e+00 2.023845084413276874e-01 2.490172220251203328e+01
1.034944250822818601e+00 1.953450111358622232e+00 1.986658603358813502e-01 2.486551841969892251e+01
1.045345613466387213e+00 1.961394173133103047e+00 1.950192737588948011e-01 2.482889181247434252e+01
1.055851511542426513e+00 1.969500432105716348e+00 1.914433478381123432e-01 2.479183660652599031e+01
1.066462995649499090e+00 1.977802710456223245e+00 1.879366814132894803e-01 2.475435061260616010e+01
1.077181126944859235e+00 1.986289524988356092e+00 1.844978871574824153e-01 2.471643357454798817e+01
1.088006977250567386e+00 1.994947808438207737e+00 1.811256052009821427e-01 2.467808539947850477e+01
1.098941629160676170e+00 2.003762920971962735e+00 1.778185026196561491e-01 2.463930615827431581e+01
1.109986176149488690e+00 2.012718675602801266e+00 1.745752729355998512e-01 2.460009608539755632e+01
1.121141722680907948e+00 2.021797377431828302e+00 1.713946356295119600e-01 2.456045557811550140e+01
1.132409384318883161e+00 2.031008629959371703e+00 1.682753436900527866e-01 2.452038402562000741e+01
1.143790287838967634e+00 2.040365887567306302e+00 1.652161758871763808e-01 2.447988078442575244e+01
1.155285571340997963e+00 2.049854504130483868e+00 1.622159276394053717e-01 2.443894647069195614e+01
1.166896384362903660e+00 2.059541132413968967e+00 1.592734404070970666e-01 2.439757848292382647e+01
1.178623887995662534e+00 2.069533494497266091e+00 1.563875884531292504e-01 2.435577271108651942e+01
1.190469254999410476e+00 2.079827002390541857e+00 1.535572380587066355e-01 2.431352979534661785e+01
1.202433669920719650e+00 2.090412312405908413e+00 1.507812771516444383e-01 2.427085068365049736e+01
1.214518329211052405e+00 2.101278180989707423e+00 1.480586156717868529e-01 2.422773651441108811e+01
1.226724441346408234e+00 2.112411452862409167e+00 1.453881851617179755e-01 2.418418861684640220e+01
1.239053226948172215e+00 2.123797065304859899e+00 1.427689383681368107e-01 2.414020851056192640e+01
1.251505918905178927e+00 2.135418068755682519e+00 1.401998488533754139e-01 2.409579790437449986e+01
1.264083762497001384e+00 2.147255901310912041e+00 1.376799106733314071e-01 2.405095868446039375e+01
1.276788015518480091e+00 2.159417022334356062e+00 1.352081676343694916e-01 2.400568765076699407e+01
1.289619948405504202e+00 2.172058776687828985e+00 1.327836929792178267e-01 2.395997968390103949e+01
1.302580844362055679e+00 2.185194187632241380e+00 1.304055440016305412e-01 2.391383584446044708e+01
1.315671999488531085e+00 2.198822112121304517e+00 1.280727937600879274e-01 2.386725790338608633e+01
1.328894722911352355e+00 2.212939156811621899e+00 1.257845335998389047e-01 2.382024784179400712e+01
1.342250336913880515e+00 2.227539596474334527e+00 1.235398728052709144e-01 2.377280785314908229e+01
1.355740177068645913e+00 2.242615310163376119e+00 1.213379382625582176e-01 2.372494034458516055e+01
1.369365592370905382e+00 2.258217337121348312e+00 1.191778872296298947e-01 2.367664533531817384e+01
1.383127945373543888e+00 2.274532928123988107e+00 1.170589217985244929e-01 2.362791726455487407e+01
1.397028612323330199e+00 2.291575807503470674e+00 1.149802225415248874e-01 2.357875807924978773e+01
1.411068983298542800e+00 2.309340745510508164e+00 1.129409827539580718e-01 2.352917064086740950e+01
1.425250462347980474e+00 2.327818290831864090e+00 1.109404113884817633e-01 2.347915809775523499e+01
1.439574467631365318e+00 2.346994658665138012e+00 1.089777327719683858e-01 2.342872388740196854e+01
1.454042431561162863e+00 2.366960393319863076e+00 1.070522076428651048e-01 2.337786708365297272e+01
1.468655800945822820e+00 2.388065256808064252e+00 1.051631606359271498e-01 2.332657587534615473e+01
1.483416037134460908e+00 2.410362071186384014e+00 1.033098704765856718e-01 2.327485138291331523e+01
1.498324616162996614e+00 2.433870470689793564e+00 1.014916240436173622e-01 2.322269626305754642e+01
1.513383028901756688e+00 2.458604827679072624e+00 9.970772174614916938e-02 2.317011350494139776e+01
1.528592781204563877e+00 2.484690268256859014e+00 9.795749859183704167e-02 2.311710140615821629e+01
1.543955394059322694e+00 2.512406264476870543e+00 9.624032980988897479e-02 2.306365178355564183e+01
1.559472403740121305e+00 2.541785472993999040e+00 9.455555729182422986e-02 2.300976730919406421e+01
1.575145361960859081e+00 2.572852780217436131e+00 9.290253495184097599e-02 2.295545109232959291e+01
1.590975836030418256e+00 2.605769286168384546e+00 9.128065364939146054e-02 2.290070038398578234e+01
1.606965409009397439e+00 2.640892716258784745e+00 8.968934903674141701e-02 2.284550405322558575e+01
1.623115679868420314e+00 2.678284460713233006e+00 8.812801565979330731e-02 2.278986410234601934e+01
1.639428263648031292e+00 2.718037284153355326e+00 8.659606555403528971e-02 2.273378124544604972e+01
1.655904791620201433e+00 2.760499357254957431e+00 8.509296449640336990e-02 2.267724507685291258e+01
1.672546911451459284e+00 2.805896289454796744e+00 8.361816681931495687e-02 2.262025079789864179e+01
1.689356287367655307e+00 2.854369366149277276e+00 8.217112323887904024e-02 2.256279745158091288e+01
1.706334600320390082e+00 2.906216076927090164e+00 8.075131989329351057e-02 2.250487727739804455e+01
1.723483548155107403e+00 2.961573228708147987e+00 7.935822648720947114e-02 2.244648980784605286e+01
1.740804845780881127e+00 3.020551754985735027e+00 7.799131911033881093e-02 2.238763581586609064e+01
1.758300225341908218e+00 3.083255477021846325e+00 7.665008319800360737e-02 2.232831647981421952e+01
1.775971436390724856e+00 3.149724009787608026e+00 7.533400475173449018e-02 2.226853594112892054e+01
1.793820246063161372e+00 3.219944250787402318e+00 7.404257269627684268e-02 2.220830074702264412e+01
1.811848439255059784e+00 3.293856198448186667e+00 7.277527988961270122e-02 2.214761964365020219e+01
1.830057818800762348e+00 3.371062345358118328e+00 7.153158120580503654e-02 2.208651659777044785e+01
1.848450205653398015e+00 3.451421176836790838e+00 7.031098245541644864e-02 2.202500396161865837e+01
1.867027439066979433e+00 3.534526897340660945e+00 6.911296315153479808e-02 2.196310605105823299e+01
1.885791376780329376e+00 3.620105502116055529e+00 6.793703456362586157e-02 2.190084120106621768e+01
1.904743895202854587e+00 3.707428485920925443e+00 6.678265662038697370e-02 2.183824838699634441e+01
1.923886889602192340e+00 3.796237220083844566e+00 6.564936937033981346e-02 2.177534499483910579e+01
1.943222274293735063e+00 3.886064900675439304e+00 6.453669561546078459e-02 2.171215788181462258e+01
1.962751982832064090e+00 3.976553226712931988e+00 6.344418498085092895e-02 2.164870891606305392e+01
1.982477968204308549e+00 4.067252345084895637e+00 6.237138630335705564e-02 2.158502405900897614e+01
2.002402203025443583e+00 4.157988978944509917e+00 6.131789641733436519e-02 2.152111642830882232e+01
2.022526679735555888e+00 4.248498250755810446e+00 6.028330939657478016e-02 2.145700334469571757e+01
2.042853410799085889e+00 4.338693871691878812e+00 5.926725189729846466e-02 2.139269379115670233e+01
2.063384428906079204e+00 4.428346982708474044e+00 5.826934037802016658e-02 2.132820339692260703e+01
2.084121787175456042e+00 4.517483106728156450e+00 5.728923235652626927e-02 2.126353581103291646e+01
2.105067559360324303e+00 4.606029246530946253e+00 5.632657973385903766e-02 2.119869934858643745e+01
2.126223840055357694e+00 4.693996291770007545e+00 5.538105218204448371e-02 2.113369833765870709e+01
2.147592744906254847e+00 4.781428191336288158e+00 5.445232999694100268e-02 2.106853554316076682e+01
2.169176410821310519e+00 4.868351003524112208e+00 5.354009748493200604e-02 2.100321459841473626e+01
2.190976996185100223e+00 4.954779947351375391e+00 5.264404388465721701e-02 2.093773964848238833e+01
2.212996681074329341e+00 5.040793340230023567e+00 5.176387209967038550e-02 2.087211181255627324e+01
2.235237667475835632e+00 5.126409410703430147e+00 5.089928356213270499e-02 2.080633511027150107e+01
2.257702179506793971e+00 5.211730661371981377e+00 5.004999549866361724e-02 2.074040946090176263e+01
2.280392463637127776e+00 5.296854839579188123e+00 4.921572976567690355e-02 2.067433504077187223e+01
2.303310788914158636e+00 5.381794680481772453e+00 4.839620370746115091e-02 2.060811615173266276e+01
2.326459447189512364e+00 5.466730368955082575e+00 4.759115931179486864e-02 2.054174887586168552e+01
2.349840753348308553e+00 5.551738394409197141e+00 4.680033131660157192e-02 2.047523441856641213e+01
2.373457045540646515e+00 5.636809181911754507e+00 4.602344999828137523e-02 2.040857818715630856e+01
2.397310685415425802e+00 5.722178761935706071e+00 4.526027817249446417e-02 2.034177340177352988e+01
2.421404058356512401e+00 5.807948876395526483e+00 4.451056780317556860e-02 2.027481998511250438e+01
2.445739573721277704e+00 5.894118948444317496e+00 4.377406450841785784e-02 2.020772290782903369e+01
2.470319665081538663e+00 5.980891287674938717e+00 4.305054077686528563e-02 2.014047694735186766e+01
2.495146790466914233e+00 6.068361051457427102e+00 4.233976152808737597e-02 2.007308228238839476e+01
2.520223432610632308e+00 6.156495810775993505e+00 4.164148279814013781e-02 2.000554545642935622e+01
2.545552099197805340e+00 6.245508793841890061e+00 4.095549126322235722e-02 1.993786052041117074e+01
2.571135323116197746e+00 6.335619441232671178e+00 4.028157768203428218e-02 1.987002125054238988e+01
2.596975662709521515e+00 6.426814524855139155e+00 3.961951268074710014e-02 1.980203320670565148e+01
2.623075702033270673e+00 6.519229444997423073e+00 3.896908668086120076e-02 1.973389426467228702e+01
2.649438051113126136e+00 6.613208990757610373e+00 3.833011472401250119e-02 1.966559158457584644e+01
2.676065346205966033e+00 6.708745714983354702e+00 3.770237966087256615e-02 1.959713040404631457e+01
2.702960250063488168e+00 6.805974353479880001e+00 3.708568284513394375e-02 1.952850851412882349e+01
2.730125452198490787e+00 6.905427645856971886e+00 3.647986789861507040e-02 1.945970304740896495e+01
2.757563669153825447e+00 7.007166552133924142e+00 3.588473449654272507e-02 1.939071569078963009e+01
2.785277644774052597e+00 7.111267435559228467e+00 3.530008781209164476e-02 1.932154722079889808e+01
2.813270150479830090e+00 7.218284935838306993e+00 3.472578210557805689e-02 1.925217323671474290e+01
2.841543985545055939e+00 7.328357601962690815e+00 3.416163386854439987e-02 1.918259127590925317e+01
2.870101977376795954e+00 7.441583049654911797e+00 3.360745930231670564e-02 1.911280091664968950e+01
2.898946981798034006e+00 7.558785036335715191e+00 3.306314521917416011e-02 1.904276303915065327e+01
2.928081883333248481e+00 7.680214420675549825e+00 3.252852594873920089e-02 1.897246912876820701e+01
2.957509595496873978e+00 7.806112530993838838e+00 3.200343795831207122e-02 1.890191099450868606e+01
2.987233061084647812e+00 7.937509914534073729e+00 3.148779155516749639e-02 1.883103788740000439e+01
3.017255252467899052e+00 8.074686126020118593e+00 3.098142919501041537e-02 1.875983961525947663e+01
3.047579171890785421e+00 8.218224543747815858e+00 3.048422325940553998e-02 1.868828919446928438e+01
3.078207851770518033e+00 8.369440925865767156e+00 2.999611158285686932e-02 1.861631974453766958e+01
3.109144355000609483e+00 8.528591857483995398e+00 2.951693816583120591e-02 1.854392212872073031e+01
3.140391775257163953e+00 8.697165848827443924e+00 2.904665680820977744e-02 1.847101909502023531e+01
3.171953237308245299e+00 8.875920800468774630e+00 2.858515616526696723e-02 1.839757372430181093e+01
3.203831897326360867e+00 9.066039921161126003e+00 2.813236272480316644e-02 1.832352491872942224e+01
3.236030943204078358e+00 9.268893903111651511e+00 2.768821809938817879e-02 1.824880097120779610e+01
3.268553594872817047e+00 9.485451527107739977e+00 2.725262951537686662e-02 1.817335205932303666e+01
3.301403104624847096e+00 9.717034979319581822e+00 2.682553438077878855e-02 1.809710809381689955e+01
3.334582757438517842e+00 9.964285144028549368e+00 2.640681336459940048e-02 1.802003694056026362e+01
3.368095871306761246e+00 1.022786820170051669e+01 2.599635153355452435e-02 1.794210451822167585e+01
3.401945797568890484e+00 1.050736044598909835e+01 2.559394652734466730e-02 1.786333880691550391e+01
3.436135921245741631e+00 1.080226762031835364e+01 2.519939621293080384e-02 1.778377147552165027e+01
3.470669661378173121e+00 1.111060671664119859e+01 2.481238299083696197e-02 1.770352050339817040e+01
3.505550471368976240e+00 1.143072929438911167e+01 2.443262611800094131e-02 1.762268488253746668e+01
3.540781839328218883e+00 1.175983549116908300e+01 2.405976100063897394e-02 1.754143127034691929e+01
3.576367288422055424e+00 1.209513249195434703e+01 2.369343403668781531e-02 1.745992746603601375e+01
3.612310377225049773e+00 1.243463421669750169e+01 2.333336709330781356e-02 1.737829407904597545e+01
3.648614700076035611e+00 1.277566948404597369e+01 2.297923528426821377e-02 1.729669368182349842e+01
3.685283887437551975e+00 1.311665204351960590e+01 2.263080877782110145e-02 1.721522493293105427e+01
3.722321606258891968e+00 1.345587949155367902e+01 2.228785509120011915e-02 1.713399403897744122e+01
3.759731560342802759e+00 1.379183938542746368e+01 2.195016247146671512e-02 1.705309683210693450e+01
3.797517490715867972e+00 1.412361225062748815e+01 2.161757159285571106e-02 1.697259318198643285e+01
3.835683176002612438e+00 1.444977826028512524e+01 2.128988769989928129e-02 1.689257467256402379e+01
3.874232432803371484e+00 1.476985787105058812e+01 2.096699454007752358e-02 1.681307484401939689e+01
3.913169116075948306e+00 1.508276619748787439e+01 2.064873142787623794e-02 1.673416562845644862e+01
3.952497119521117597e+00 1.538819405100811721e+01 2.033500191519126490e-02 1.665587034332372340e+01
3.992220375971997637e+00 1.568578476966807855e+01 2.002570777869015078e-02 1.657821566043071115e+01
4.032342857787337032e+00 1.597522413111417627e+01 1.972075656286647119e-02 1.650122544108607414e+01
4.072868577248750732e+00 1.625674198891015010e+01 1.942009912504409977e-02 1.642488879497784282e+01
4.113801586961959522e+00 1.653032825123418803e+01 1.912366890101551906e-02 1.634921009031836903e+01
4.155145980262042293e+00 1.679621628758162188e+01 1.883141897506521167e-02 1.627417774153486718e+01
4.196905891622785489e+00 1.705475302791142056e+01 1.854331159390636835e-02 1.619977248397464820e+01
4.239085497070123942e+00 1.730639088273736093e+01 1.825931714637172784e-02 1.612596785150707746e+01
4.281689014599751708e+00 1.755135648426653461e+01 1.797938930825817780e-02 1.605275197656374431e+01
4.324720704598926879e+00 1.779001707250770536e+01 1.770349281210502335e-02 1.598010333554074869e+01
4.368184870272507681e+00 1.802320858274634929e+01 1.743162700109573277e-02 1.590796871868672291e+01
4.412085858073281130e+00 1.825116422073903166e+01 1.716374605835487704e-02 1.583633508938834922e+01
4.456428058136612691e+00 1.847400585103097725e+01 1.689979663947143579e-02 1.576519673762300933e+01
4.501215904719459537e+00 1.869218360004585477e+01 1.663975009634748037e-02 1.569452529110943750e+01
4.546453876643805181e+00 1.890617337541659637e+01 1.638357944923567872e-02 1.562429041036958388e+01
4.592146497744538536e+00 1.911606270191638757e+01 1.613122978067287050e-02 1.555448824259179474e+01
4.638298337321848486e+00 1.932193306978416558e+01 1.588264662148989453e-02 1.548511523704036641e+01
4.684914010598151712e+00 1.952414059342354236e+01 1.563779596841203753e-02 1.541614841729934327e+01
4.731998179179623953e+00 1.972317752821698278e+01 1.539665347547966232e-02 1.534755506176293771e+01
4.779555551522357781e+00 1.991909660549665517e+01 1.515916370989451971e-02 1.527933323851257441e+01
4.827590883403219735e+00 2.011194102113853788e+01 1.492527149432156842e-02 1.521148160284849737e+01
4.876108978395429006e+00 2.030176605426709813e+01 1.469492342576170230e-02 1.514399785168561685e+01
4.925114688348915415e+00 2.048901041465659034e+01 1.446809360978938870e-02 1.507685183918143856e+01
4.974612913875512632e+00 2.067385155961900622e+01 1.424473792928677811e-02 1.501003219584492321e+01
5.024608604839021275e+00 2.085631050672380837e+01 1.402480211956458507e-02 1.494353879533431773e+01
5.075106760850202292e+00 2.103640799104266179e+01 1.380823282492438242e-02 1.487737146890305162e+01
5.126112431766737920e+00 2.121416532119704357e+01 1.359497764030397592e-02 1.481152994221701036e+01
5.177630718198224180e+00 2.138969442824640410e+01 1.338499120312156357e-02 1.474600710286281569e+01
5.229666772016238419e+00 2.156308780102601830e+01 1.317822746551980395e-02 1.468079721122454551e+01
5.282225796869521872e+00 2.173436057115286957e+01 1.297463589793232744e-02 1.461590024735943416e+01
5.335313048704364292e+00 2.190352773204041981e+01 1.277416682390920821e-02 1.455131614607572565e+01
5.388933836290185297e+00 2.207060413990635439e+01 1.257677140401517596e-02 1.448704479761019925e+01
5.443093521750429709e+00 2.223560598669275379e+01 1.238240171815171466e-02 1.442308593404683315e+01
5.497797521098774176e+00 2.239859631700306153e+01 1.219101374355591356e-02 1.435943559769424560e+01
5.553051304780740161e+00 2.255960986167589866e+01 1.200256227942916691e-02 1.429609196450369701e+01
5.608860398220744337e+00 2.271866046467266997e+01 1.181700150877698120e-02 1.423305477690269782e+01
5.665230382374637053e+00 2.287576184015094682e+01 1.163428637951372142e-02 1.417032373680635438e+01
5.722166894287807892e+00 2.303092757418632175e+01 1.145437259019013547e-02 1.410789850629148923e+01
5.779675627658894754e+00 2.318417112659269463e+01 1.127721657601702884e-02 1.404577870826493857e+01
5.837762333409161286e+00 2.333549534977375473e+01 1.110277482175521697e-02 1.398396477530389248e+01
5.896432820257585306e+00 2.348487889002717566e+01 1.093100301792044107e-02 1.392245905564940500e+01
5.955692955301747027e+00 2.363233268473555171e+01 1.076185968054793607e-02 1.386126124357394929e+01
6.015548664604532192e+00 2.377786291971777644e+01 1.059530371880521536e-02 1.380037138078663794e+01
6.076005933786751356e+00 2.392148230899016070e+01 1.043129514479118787e-02 1.373978892701451038e+01
6.137070808625705531e+00 2.406320608705022224e+01 1.026979479152823234e-02 1.367951308844182101e+01
6.198749395659763017e+00 2.420304930925000164e+01 1.011076412726558647e-02 1.361954303993231719e+01
6.261047862799030028e+00 2.434102613470455978e+01 9.954165199058782540e-03 1.355987798687449519e+01
6.323972439942133761e+00 2.447710561636234416e+01 9.799957894705240216e-03 1.350052092574687990e+01
6.387529419599227154e+00 2.461127157956599731e+01 9.648103730348103063e-03 1.344147356834441176e+01
6.451725157521237541e+00 2.474354028779825043e+01 9.498566860563001021e-03 1.338273482842658346e+01
6.516566073335456011e+00 2.487392780486299770e+01 9.351312011464388979e-03 1.332430359254907515e+01
6.582058651187498555e+00 2.500245000071854307e+01 9.206304470696036191e-03 1.326617872046319668e+01
6.648209440389726055e+00 2.512912255721279919e+01 9.063510077612262419e-03 1.320835904551472240e+01
6.715025056076187937e+00 2.525396097372201254e+01 8.922895213646061044e-03 1.315084337504195133e+01
6.782512179864127688e+00 2.537698057269580332e+01 8.784426792860556416e-03 1.309363049077306052e+01
6.850677560522167475e+00 2.549819542539054140e+01 8.648072188042992339e-03 1.303671924666116766e+01
6.919528014645176306e+00 2.561758262714333156e+01 8.513797109206988969e-03 1.298011179538085358e+01
6.989070427335941638e+00 2.573512072912017601e+01 8.381567952603842520e-03 1.292381014177262877e+01
7.059311752893686176e+00 2.585082196648119890e+01 8.251353663314515627e-03 1.286781321378511400e+01
7.130259015509499143e+00 2.596470217548005266e+01 8.123123894830755823e-03 1.281211957434591220e+01
7.201919309968765504e+00 2.607677701701543782e+01 7.996848773733612747e-03 1.275672776404094577e+01
7.274299802360647327e+00 2.618706198256737849e+01 7.872498891639465729e-03 1.270163630142310041e+01
7.347407730794703440e+00 2.629557240002445084e+01 7.750045297295906320e-03 1.264684368331935893e+01
7.421250406124697996e+00 2.640232343940534321e+01 7.629459488825520753e-03 1.259234838513451749e+01
7.495835212679700099e+00 2.650733011847767884e+01 7.510713406114669262e-03 1.253814886115181260e+01
7.571169609002518897e+00 2.661060730827661658e+01 7.393779423344315829e-03 1.248424354483034193e+01
7.647261128595568280e+00 2.671216923733094362e+01 7.278630313210923686e-03 1.243063089768575047e+01
7.724117380674215383e+00 2.681202756770820628e+01 7.165239132601527311e-03 1.237730959742759218e+01
7.801746050927716780e+00 2.691019560592654258e+01 7.053579456340075896e-03 1.232427813101204706e+01
7.880154902287785923e+00 2.700668701216888934e+01 6.943625293754025589e-03 1.227153491997792401e+01
7.959351775704902821e+00 2.710151534914692562e+01 6.835351055626071384e-03 1.221907836488595755e+01
8.039344590932406831e+00 2.719468823923336132e+01 6.728731223469518880e-03 1.216690743137775144e+01
8.120141347318476477e+00 2.728621044826052611e+01 6.623740527796338241e-03 1.211502134598297964e+01
8.201750124606087766e+00 2.737609535860368837e+01 6.520354572118434132e-03 1.206341844535685759e+01
8.284179083740971450e+00 2.746435645849549090e+01 6.418549344588770668e-03 1.201209702728955442e+01
8.367436467687737078e+00 2.755100715096982356e+01 6.318301200844986601e-03 1.196105537049141354e+01
8.451530602254159419e+00 2.763606075816415952e+01 6.219586857897192560e-03 1.191029173483760495e+01
8.536469896923771117e+00 2.771953052556319363e+01 6.122383388131010309e-03 1.185980436160474838e+01
8.622262845696823774e+00 2.780142962618541347e+01 6.026668213423412405e-03 1.180959147369960327e+01
8.708918027939690276e+00 2.788177116471482364e+01 5.932419099369403738e-03 1.175965127587908299e+01
8.796444109242804288e+00 2.796056766719700093e+01 5.839614122197398817e-03 1.170998200994575278e+01
8.884849842287238175e+00 2.803782984469764017e+01 5.748231599014090414e-03 1.166058208836894572e+01
8.974144067719969087e+00 2.811356933443831352e+01 5.658250229753180975e-03 1.161144980286840678e+01
9.064335715037948660e+00 2.818779790625632486e+01 5.569649047920041500e-03 1.156258340943566942e+01
9.155433803481070498e+00 2.826052731955170572e+01 5.482407407308218308e-03 1.151398114413524176e+01
9.247447442934092265e+00 2.833176824654058734e+01 5.396504920190494867e-03 1.146564134333426743e+01
9.340385834837640289e+00 2.840150068071325862e+01 5.311919923843471357e-03 1.141756573577267808e+01
9.434258273108353521e+00 2.846972511669905259e+01 5.228632175669366625e-03 1.136975377004131893e+01
9.529074145068285873e+00 2.853645338742002480e+01 5.146622329550278561e-03 1.132220361916692219e+01
9.624842932383645078e+00 2.860169732456771641e+01 5.065871332630469612e-03 1.127491343733938756e+01
9.721574212012972893e+00 2.866546876153739731e+01 4.986360420519002877e-03 1.122788136003740078e+01
9.819277657164841244e+00 2.872777953635334569e+01 4.908071112583771260e-03 1.118110550413999071e+01
9.917963038265181552e+00 2.878864149458680899e+01 4.830985207335231763e-03 1.113458396802333894e+01
1.001764022393434850e+01 2.884806649226894137e+01 4.755084777897847399e-03 1.108831483164276577e+01
1.011831918197396973e+01 2.890606639880133955e+01 4.680352167567861967e-03 1.104229615659860997e+01
1.022000998036374853e+01 2.896265309986593905e+01 4.606769985455488187e-03 1.099652598618591703e+01
1.032272278826826906e+01 2.901783850033758938e+01 4.534321102210020840e-03 1.095100234542693940e+01
1.042646787705391098e+01 2.907163452720213215e+01 4.462988645826275469e-03 1.090572324108574698e+01
1.053125562131601178e+01 2.912405313248302008e+01 4.392755997530795736e-03 1.086068666166418595e+01
1.063709649991631956e+01 2.917510629618007201e+01 4.323606787746545749e-03 1.081589057737781623e+01
1.074400109703089434e+01 2.922479432352343665e+01 4.255524320249323700e-03 1.077133438763327611e+01
1.085198010320853612e+01 2.927307835654100643e+01 4.188490264419154549e-03 1.072702234582728842e+01
1.096104431643984967e+01 2.931995710354338769e+01 4.122488421005775922e-03 1.068295407730761148e+01
1.107120464323703857e+01 2.936544257140427305e+01 4.057503478856546060e-03 1.063912754823862272e+01
1.118247209972458478e+01 2.940954683444638462e+01 3.993520356626853451e-03 1.059554070290435313e+01
1.129485781274086165e+01 2.945228203698147240e+01 3.930524199119793047e-03 1.055219146355274873e+01
1.140837302095082606e+01 2.949366039589639499e+01 3.868500373696649557e-03 1.050907773021355673e+01
1.152302907596989456e+01 2.953369420328988326e+01 3.807434466756849482e-03 1.046619738048879533e+01
1.163883744349911531e+01 2.957239582916583487e+01 3.747312280286315463e-03 1.042354826931389766e+01
1.175580970447175133e+01 2.960977772418825182e+01 3.688119828472959192e-03 1.038112822868820118e+01
1.187395755621137283e+01 2.964585242250490538e+01 3.629843334388462017e-03 1.033893506737228840e+01
1.199329281360161481e+01 2.968063254464618694e+01 3.572469226734942445e-03 1.029696657055120923e+01
1.211382741026766041e+01 2.971413080050715649e+01 3.515984136655896011e-03 1.025522049946031622e+01
1.223557339976962410e+01 2.974635999242080686e+01 3.460374894610136840e-03 1.021369459097220833e+01
1.235854295680790749e+01 2.977733140288129832e+01 3.405628452659515727e-03 1.017238678011201181e+01
1.248274837844069296e+01 2.980700861211843744e+01 3.351729774318698476e-03 1.013130158219826704e+01
1.260820208531364628e+01 2.983538610457861395e+01 3.298665494725541020e-03 1.009043928266270207e+01
1.273491662290200210e+01 2.986247736718082990e+01 3.246423314732936345e-03 1.004979754190623176e+01
1.286290466276511424e+01 2.988829595183316101e+01 3.194991115890686260e-03 1.000937399895073021e+01
1.299217900381362689e+01 2.991285547934515421e+01 3.144356957768585422e-03 9.969166270870712054e+00
1.312275257358936997e+01 2.993616964345458342e+01 3.094509075332335483e-03 9.929171952176318428e+00
1.325463842955813654e+01 2.995825221498153113e+01 3.045435876372036121e-03 9.889388614143083345e+00
1.338784976041542762e+01 2.997911704612455708e+01 2.997125938982715589e-03 9.849813804084755375e+00
1.352239988740533860e+01 2.999877807491397164e+01 2.949568009096539996e-03 9.810445044564554351e+00
1.365830226565269534e+01 3.001724932983962191e+01 2.902750998066336557e-03 9.771279832540239241e+00
1.379557048550857523e+01 3.003454493467214093e+01 2.856663980300273419e-03 9.732315638437269101e+00
1.393421827390934986e+01 3.005067911349770071e+01 2.811296190947400273e-03 9.693549905144523748e+00
1.407425949574940027e+01 3.006566619598946488e+01 2.766637023634179425e-03 9.654980046925475179e+00
1.421570815526762033e+01 3.007952062294001649e+01 2.722676028251825621e-03 9.616603448238116414e+00
1.435857839744782538e+01 3.009222565834445007e+01 2.679401554980051156e-03 9.578422302118847043e+00
1.450288450943330076e+01 3.010373926230327868e+01 2.636801067053076882e-03 9.540442762919616015e+00
1.464864092195549361e+01 3.011407412426150287e+01 2.594864585936548524e-03 9.502662556351493706e+00
1.479586221077712516e+01 3.012324378572768779e+01 2.553582312279780147e-03 9.465079266606897690e+00
1.494456309814976080e+01 3.013126203313404972e+01 2.512944597031948647e-03 9.427690428724892158e+00
1.509475845428605467e+01 3.013814290311359301e+01 2.472941939232494932e-03 9.390493526815170355e+00
1.524646329884678408e+01 3.014390068821031932e+01 2.433564983858550659e-03 9.353485992143841798e+00
1.539969280244282679e+01 3.014854994306374891e+01 2.394804519730120429e-03 9.316665201067802826e+00
1.555446228815223542e+01 3.015210549111229099e+01 2.356651477473477828e-03 9.280028472804682238e+00
1.571078723305255309e+01 3.015458243186640530e+01 2.319096927544017812e-03 9.243573067021582546e+00
1.586868326976854249e+01 3.015599614880730073e+01 2.282132078309458828e-03 9.207296181226165999e+00
1.602816618803545623e+01 3.015636231797451927e+01 2.245748274194930318e-03 9.171194947940030318e+00
1.618925193627801917e+01 3.015569691731283442e+01 2.209936993891647820e-03 9.135266431632416584e+00
1.635195662320530019e+01 3.015401623685776755e+01 2.174689848631126358e-03 9.099507625389810173e+00
1.651629651942158006e+01 3.015132228092612010e+01 2.139997981280472930e-03 9.063917985390887111e+00
1.668228805905342682e+01 3.014755482958046784e+01 2.105850141168003758e-03 9.028507829402313334e+00
1.684994784139313140e+01 3.014271591911859005e+01 2.072237813519133779e-03 8.993276731395237533e+00
1.701929263255864555e+01 3.013682173097694061e+01 2.039153180550597622e-03 8.958221794888633127e+00
1.719033936717020694e+01 3.012988871988474315e+01 2.006588544829276000e-03 8.923340056088040484e+00
1.736310515004381472e+01 3.012193362610840808e+01 1.974536327865658060e-03 8.888628480028820888e+00
1.753760725790173325e+01 3.011297348879777402e+01 1.942989068773215205e-03 8.854083956368766550e+00
1.771386314110015903e+01 3.010302566055828777e+01 1.911939422997284638e-03 8.819703294790750547e+00
1.789189042537429586e+01 3.009210782339145140e+01 1.881380161117655664e-03 8.785483219970748436e+00
1.807170691360093073e+01 3.008023800616366472e+01 1.851304167729738315e-03 8.751420366060282063e+00
1.825333058757873417e+01 3.006743460378653765e+01 1.821704440409997261e-03 8.717511270625092124e+00
1.843677960982645203e+01 3.005371639831809105e+01 1.792574088772274157e-03 8.683752367973305297e+00
1.862207232539918422e+01 3.003910258222436269e+01 1.763906333622629503e-03 8.650139981796964861e+00
1.880922726372290299e+01 3.002361278407563461e+01 1.735694506221685963e-03 8.616670317038755300e+00
1.899826314044740627e+01 3.000726407665692363e+01 1.707931929530028241e-03 8.583340044578026351e+00
1.918919885931788727e+01 2.998997037110493835e+01 1.680608025153697152e-03 8.550166131362477273e+00
1.938205351406535470e+01 2.997169981933497951e+01 1.653714527904186649e-03 8.517155079936555850e+00
1.957684639031599616e+01 2.995246850617466805e+01 1.627245150935062662e-03 8.484303993499789698e+00
1.977359696751976159e+01 2.993229268294931344e+01 1.601193701868597634e-03 8.451609919625820311e+00
1.997232492089832689e+01 2.991118878585470142e+01 1.575554082115596067e-03 8.419069844866703178e+00
2.017305012341264359e+01 2.988917345620693666e+01 1.550320286271625325e-03 8.386680688746881884e+00
2.037579264775023447e+01 2.986626356283037964e+01 1.525486401597732009e-03 8.354439297062699055e+00
2.058057276833248039e+01 2.984247622688494417e+01 1.501046607594861164e-03 8.322342434390918697e+00
2.078741096334209715e+01 2.981782884948429668e+01 1.476995175683250760e-03 8.290386775691247934e+00
2.099632791677094801e+01 2.979233914251559412e+01 1.453326468999606739e-03 8.258568896870674081e+00
2.120734452048847629e+01 2.976602516314193636e+01 1.430034942327558598e-03 8.226885264152324240e+00
2.142048187633089640e+01 2.973890535255365819e+01 1.407115142179538340e-03 8.195332222064541483e+00
2.163576129821140981e+01 2.971099857963770319e+01 1.384561707051847924e-03 8.163905979830779813e+00
2.185320431425160592e+01 2.968232419035909686e+01 1.362369367878666759e-03 8.132602595900943143e+00
2.207283266893429285e+01 2.965281898836116881e+01 1.340529868978464299e-03 8.101436572536622194e+00
2.229466832527796427e+01 2.962240739227014075e+01 1.319034670157885961e-03 8.070425462787277127e+00
2.251873346703310830e+01 2.959111168111327217e+01 1.297878985043526487e-03 8.039565013486901890e+00
2.274505050090063563e+01 2.955895633207492423e+01 1.277058172018871772e-03 8.008850409218478461e+00
2.297364205877252274e+01 2.952596693937868011e+01 1.256567691896063980e-03 7.978276503060989455e+00
2.320453099999505397e+01 2.949217031970330893e+01 1.236403109873182235e-03 7.947837781180191463e+00
2.343774041365475824e+01 2.945759463337383721e+01 1.216560098016662272e-03 7.917528322148084108e+00
2.367329362088733902e+01 2.942226952433187748e+01 1.197034438369080217e-03 7.887341749976910954e+00
2.391121417720982123e+01 2.938622628259358294e+01 1.177822026807009330e-03 7.857271179612151712e+00
2.415152587487610703e+01 2.934949803380470357e+01 1.158918877804818517e-03 7.827309153321273527e+00
2.439425274525621035e+01 2.931211996166288358e+01 1.140321130300437670e-03 7.797447566018935738e+00
2.463941906123945458e+01 2.927412957048883158e+01 1.122025054912074472e-03 7.767677577049889592e+00
2.488704933966174337e+01 2.923556699721344643e+01 1.104027062824349719e-03 7.737989505269966983e+00
2.513716834375727061e+01 2.919646422009452991e+01 1.086323316677279818e-03 7.708375542246075796e+00
2.538980108563488969e+01 2.915674567360284186e+01 1.068906194775761601e-03 7.678855274510508089e+00
2.564497282877930218e+01 2.911624473246861200e+01 1.051765003527326513e-03 7.649472202462034964e+00
2.590270909057747772e+01 2.907497568723545456e+01 1.034895669475007418e-03 7.620223818731743037e+00
2.616303564487037292e+01 2.903296405735652996e+01 1.018294573428688097e-03 7.591104641401981823e+00
2.642597852453036111e+01 2.899023713712779582e+01 1.001958207911500792e-03 7.562108609328581643e+00
2.669156402406452244e+01 2.894682430293038067e+01 9.858831859701599597e-04 7.533228978071664805e+00
2.695981870224413868e+01 2.890275739165738855e+01 9.700662523093117953e-04 7.504458191451950810e+00
2.723076938476056341e+01 2.885807117106446640e+01 9.545042974387303375e-04 7.475787721553312615e+00
2.750444316690784774e+01 2.881280393022062469e+01 9.391943757736278924e-04 7.447207867397982461e+00
2.778086741629227063e+01 2.876699822889107594e+01 9.241337289903244281e-04 7.418707498794622879e+00
2.806006977556912574e+01 2.872070186023097094e+01 9.093198164697534726e-04 7.390273726414861244e+00
2.834207816520699907e+01 2.867396910429251022e+01 8.947503554537637911e-04 7.361891471036902779e+00
2.862692078627987513e+01 2.862686238499698277e+01 8.804233747489463623e-04 7.333542892535865221e+00
2.891462612328722770e+01 2.857945449796281423e+01 8.663372877056726637e-04 7.305206619913314547e+00
2.920522294700250754e+01 2.853175877915640157e+01 8.524884558050980794e-04 7.276878352352266432e+00
2.949874031735025426e+01 2.848338885456567482e+01 8.388594688889469426e-04 7.248673204839422013e+00
2.979520758631210242e+01 2.843427394592157498e+01 8.254441666029216102e-04 7.220614172743910153e+00
3.009465440086200516e+01 2.838443468041118933e+01 8.122396351128510642e-04 7.192697147561251114e+00
3.039711070593095599e+01 2.833389410174940792e+01 7.992430864441610111e-04 7.164917179202433317e+00
3.070260674740150719e+01 2.828267859973174936e+01 7.864518884979573594e-04 7.137268149378903637e+00
3.101117307513239041e+01 2.823081930446596033e+01 7.738636105583288982e-04 7.109742280357500555e+00
3.132284054601351997e+01 2.817835424259729393e+01 7.614760942734829802e-04 7.082329373027095976e+00
3.163764032705170237e+01 2.812533179394722538e+01 7.492875682404287344e-04 7.055015581762427601e+00
3.195560389848737515e+01 2.807181647519600887e+01 7.372968408663271118e-04 7.027781358138668999e+00
3.227676305694266290e+01 2.801789913402102883e+01 7.255036420963166099e-04 7.000597815006281976e+00
3.260114991860103117e+01 2.796371612125680173e+01 7.139092692984980908e-04 6.973419865971377973e+00
3.292879692241898226e+01 2.790948791636937187e+01 7.025178945538728672e-04 6.946172347007091297e+00
3.325973683336992082e+01 2.785532903329155374e+01 6.913299946881710980e-04 6.918814010376793000e+00
3.359400274572074352e+01 2.780147571080931357e+01 6.803502823463574789e-04 6.891259388803658403e+00
3.393162808634122030e+01 2.774741611462184210e+01 6.695576806556737372e-04 6.863683999366079647e+00
3.427264661804679946e+01 2.769269004019603386e+01 6.589332588873044990e-04 6.836250350546563936e+00
3.461709244297480126e+01 2.763744756374941147e+01 6.484792555433778905e-04 6.808907116377725721e+00
3.496500000599478852e+01 2.758082465295541752e+01 6.381626946817677915e-04 6.781975165077290590e+00
3.503500000600678277e+01 2.756942906075363098e+01 6.361190039469892055e-04 6.776603242221066914e+00
3.538710760986097625e+01 2.751082421526564659e+01 6.259539915605416300e-04 6.750285269640193597e+00
3.574275395396550437e+01 2.745420414035963219e+01 6.160364525376981057e-04 6.723141300003887544e+00
3.610197460325115770e+01 2.739619177497183244e+01 6.062469372320785765e-04 6.696427989937065561e+00
3.646480548008221945e+01 2.733738890515271791e+01 5.966037235652737981e-04 6.669924398323320958e+00
3.683128286784872074e+01 2.727790874715291025e+01 5.871080824362820069e-04 6.643591520913479265e+00
3.720144341459485560e+01 2.721779314993473164e+01 5.777588209413723292e-04 6.617417061703479320e+00
3.757532413668374716e+01 2.715706551179607331e+01 5.685541326040754843e-04 6.591395655512390483e+00
3.795296242249918350e+01 2.709574283634385594e+01 5.594920197591550081e-04 6.565524343919002526e+00
3.833439603618443670e+01 2.703383946016473516e+01 5.505704241860970641e-04 6.539801170824027565e+00
3.871966312141875477e+01 2.697137103383894896e+01 5.417873664467086521e-04 6.514223565357817769e+00
3.910880220523171147e+01 2.690885846525084446e+01 5.331585523860826693e-04 6.488574020458371727e+00
3.950185220185596080e+01 2.684657240537879730e+01 5.246908162311991319e-04 6.462734148180261151e+00
3.989885241661870907e+01 2.678427994675166346e+01 5.163734295720586809e-04 6.436799433425824724e+00
4.029984254987228809e+01 2.672182686892188386e+01 5.081985127009196581e-04 6.410834786586526945e+00
4.070486270096415637e+01 2.665911074147928161e+01 5.001600683195807145e-04 6.384884849713500010e+00
4.111395337224696078e+01 2.659617491921416388e+01 4.922573040069935834e-04 6.358929739494138644e+00
4.152715547312872246e+01 2.653303627621485816e+01 4.844885183989838828e-04 6.332961038873112791e+00
4.194451032416388614e+01 2.646961861511871206e+01 4.768487495083533704e-04 6.307013606403740091e+00
4.236605966118533928e+01 2.640586788549216735e+01 4.693338580694370109e-04 6.281113492933384279e+00
4.279184563947807618e+01 2.634174589845060410e+01 4.619403017058990187e-04 6.255280412213442887e+00
4.322191083799474853e+01 2.627722598999971737e+01 4.546649791687576545e-04 6.229529451091641690e+00
4.365629826361359989e+01 2.621228998507148589e+01 4.475051212388054590e-04 6.203872270738752803e+00
4.409505135543918186e+01 2.614692604159817435e+01 4.404582131563155320e-04 6.178317962523561135e+00
4.453821398914630691e+01 2.608112709836629506e+01 4.335219386633079684e-04 6.152873666249223383e+00
4.498583048136764972e+01 2.601494047176859326e+01 4.266960125131314362e-04 6.127518119177033817e+00
4.543794559412544487e+01 2.594857212113292277e+01 4.199860573919382751e-04 6.102143632487346814e+00
4.589460453930773554e+01 2.588200467914934677e+01 4.133895072686395917e-04 6.076758262463027194e+00
4.635585298318958536e+01 2.581519650610570338e+01 4.069029226143386076e-04 6.051383968659286516e+00
4.682173705099975791e+01 2.574811497408684247e+01 4.005232175388032828e-04 6.026038938515510424e+00
4.729230333153328303e+01 2.568073472857243900e+01 3.942475955640525778e-04 6.000738299560588906e+00
4.776759888181032920e+01 2.561303631159782768e+01 3.880734988721764884e-04 5.975494685144224327e+00
4.824767123178204287e+01 2.554500506711200103e+01 3.819985680062989346e-04 5.950318685579838451e+00
4.873256838908344690e+01 2.547663026698631228e+01 3.760206097056063368e-04 5.925219209467403658e+00
4.922233884383437186e+01 2.540793178256328488e+01 3.701386457400353356e-04 5.900186643982221035e+00
4.971703157348843405e+01 2.533894564569606445e+01 3.643523746349522081e-04 5.875200441199158519e+00
5.021669604773083506e+01 2.526966079617946193e+01 3.586596806228603681e-04 5.850269125842953777e+00
5.072138223342540897e+01 2.520006809871825837e+01 3.530585387557472156e-04 5.825400563164046197e+00
5.123114059961126543e+01 2.513016093055894373e+01 3.475470386533868316e-04 5.800601504075798331e+00
5.174602212254986000e+01 2.505993478089263249e+01 3.421233695100072856e-04 5.775877755040705885e+00
5.226607829082253431e+01 2.498947514999941077e+01 3.367894735481998837e-04 5.751171717928831306e+00
5.279136111047949242e+01 2.491885969064457385e+01 3.315471039724787543e-04 5.726426826284296112e+00
5.332192311024044784e+01 2.484806024471894403e+01 3.263936885482284335e-04 5.701659953192076635e+00
5.385781734674752386e+01 2.477705262522138696e+01 3.213268214726751272e-04 5.676886312688575131e+00
5.439909740987092590e+01 2.470581661662930983e+01 3.163442648459009396e-04 5.652119301081170555e+00
5.494581742806807512e+01 2.463433544178084489e+01 3.114439280957144365e-04 5.627370731843896579e+00
5.549803207379634529e+01 2.456259530267566404e+01 3.066238503520611267e-04 5.602651038413985596e+00
5.605579656898050445e+01 2.449058498497690195e+01 3.018821853298445232e-04 5.577969449299941651e+00
5.661916669053487539e+01 2.441829551726075209e+01 2.972171883435235137e-04 5.553334139361298050e+00
5.718819877594110324e+01 2.434571987723446895e+01 2.926272051331510276e-04 5.528752360612912753e+00
5.776294972888191381e+01 2.427286101308022737e+01 2.881110576868993857e-04 5.504223000428908996e+00
5.834347702493155907e+01 2.419973374110505659e+01 2.836681714845339791e-04 5.479733639663391109e+00
5.892983871730343282e+01 2.412633076579193059e+01 2.792969473321352670e-04 5.455291720377642761e+00
5.952209344265539670e+01 2.405264579792676827e+01 2.749958326821609535e-04 5.430904501746842250e+00
6.012030042695353416e+01 2.397867396661274597e+01 2.707633423500544834e-04 5.406578618406710390e+00
6.072451949139478700e+01 2.390446926828049001e+01 2.666010834202387522e-04 5.382258959905308338e+00
6.133481105838910707e+01 2.383004133910183597e+01 2.625085409492538169e-04 5.357931680982115807e+00
6.195123615760179092e+01 2.375537508756306337e+01 2.584839315355232504e-04 5.333608932271824088e+00
6.257385643205642367e+01 2.368045774543217519e+01 2.545255738975393204e-04 5.309301704596165905e+00
6.320273414429932757e+01 2.360527861465725152e+01 2.506318788757613044e-04 5.285019949631657887e+00
6.383793218262577795e+01 2.352982884197403379e+01 2.468013405928531261e-04 5.260772687543688875e+00
6.447951406736892466e+01 2.345410121833873163e+01 2.430325286332116273e-04 5.236568102952412929e+00
6.512754395725193035e+01 2.337809000052869024e+01 2.393240811185840054e-04 5.212413630481580462e+00
6.578208665580380909e+01 2.330179075248762288e+01 2.356746985710286943e-04 5.188316031026506181e+00
6.644320761783984608e+01 2.322520025510427644e+01 2.320831418797366177e-04 5.164281383837865391e+00
6.711097295600718837e+01 2.314832633156348862e+01 2.285489248507819172e-04 5.140299458106380115e+00
6.778544944739613243e+01 2.307117053586951627e+01 2.250712017657428669e-04 5.116368111985851286e+00
6.846670454021787577e+01 2.299372972552585281e+01 2.216488091727029800e-04 5.092492773297165876e+00
6.915480636054942920e+01 2.291600160355677929e+01 2.182806290197913360e-04 5.068678408181749084e+00
6.984982371914621524e+01 2.283798511331438519e+01 2.149656249656497467e-04 5.044928630807330450e+00
7.055182611832330508e+01 2.275970019927406796e+01 2.117045740104308259e-04 5.021204547627266201e+00
7.126088375890560656e+01 2.268114841464870679e+01 2.084969785432960255e-04 4.997496509360489725e+00
7.197706754724806899e+01 2.260232274456327417e+01 2.053416366205931538e-04 4.973811892515051625e+00
7.270044910232634550e+01 2.252321719766218777e+01 2.022373981983097699e-04 4.950157492273762116e+00
7.343110076289876531e+01 2.244382670832107252e+01 1.991831611516196572e-04 4.926539573075126910e+00
7.416909559474026992e+01 2.236414704787724617e+01 1.961778676770712672e-04 4.902963914642707088e+00
7.491450739794902347e+01 2.228417474408172794e+01 1.932205010381770900e-04 4.879435853868499429e+00
7.566741071432653598e+01 2.220390700803225670e+01 1.903100826191256648e-04 4.855960322925337636e+00
7.642788083483188188e+01 2.212334415405304711e+01 1.874460542352670417e-04 4.832531958785800441e+00
7.719599380711080983e+01 2.204248612747598557e+01 1.846279457191095841e-04 4.809143216473011684e+00
7.797182644310065314e+01 2.196132936619358489e+01 1.818548010792475709e-04 4.785799359596030200e+00
7.875545632671155261e+01 2.187987090363868958e+01 1.791256941655266046e-04 4.762505413740231397e+00
7.954696182158488682e+01 2.179810835244740375e+01 1.764397322106057010e-04 4.739266046232029517e+00
8.034642207892973431e+01 2.171603985020341554e+01 1.737960536147287194e-04 4.716085595590723045e+00
8.115391704543804963e+01 2.163366404408186483e+01 1.711938408717280811e-04 4.692967688776257695e+00
8.196952747127940597e+01 2.155098112967534618e+01 1.686331699541584225e-04 4.669891672118348325e+00
8.279333491817604340e+01 2.146798830521282397e+01 1.661139260111026367e-04 4.646841699461705666e+00
8.362542176755918888e+01 2.138468081116881692e+01 1.636353029558800562e-04 4.623821138590376023e+00
8.446587122880714560e+01 2.130105416315219102e+01 1.611965193073765939e-04 4.600833124862565349e+00
8.531476734756648739e+01 2.121710412041999660e+01 1.587968168337548531e-04 4.577880578177854431e+00
8.617219501415642924e+01 2.113282568229334046e+01 1.564358299191804863e-04 4.554955427307967319e+00
8.703823997205819296e+01 2.104821195531114952e+01 1.541133561444518946e-04 4.532044798966864185e+00
8.791298882648928270e+01 2.096325735258488621e+01 1.518284861054421781e-04 4.509156628926464627e+00
8.879652905306406296e+01 2.087795714884357778e+01 1.495803340450376309e-04 4.486298789082828975e+00
8.968894900654153446e+01 2.079230739121558358e+01 1.473680512223988158e-04 4.463478662651449547e+00
9.059033792966069143e+01 2.070630484103195812e+01 1.451908234003789508e-04 4.440703180888355917e+00
9.150078596206499526e+01 2.061994691998897977e+01 1.430478685404263349e-04 4.417978857131420689e+00
9.242038414931643331e+01 2.053323166039732328e+01 1.409384346869057582e-04 4.395311818348019983e+00
9.334922445200002983e+01 2.044615765925031070e+01 1.388617980242788717e-04 4.372707834367201229e+00
9.428739975492011638e+01 2.035872403585182866e+01 1.368172610920036908e-04 4.350172344965177906e+00
9.523500387638880227e+01 2.027093007374609002e+01 1.348041786590880177e-04 4.327709601606229306e+00
9.619213157760786714e+01 2.018277255825769956e+01 1.328221494786010158e-04 4.305316383461916807e+00
9.715887857214509893e+01 2.009424680994197487e+01 1.308708401727497032e-04 4.282987391151333867e+00
9.813534153550553185e+01 2.000535080963213375e+01 1.289496855246271374e-04 4.260725048870051879e+00
9.912161811479924722e+01 1.991608275920723514e+01 1.270581294617541040e-04 4.238531837807180125e+00
1.001178069385060354e+02 1.982644099172938823e+01 1.251956306771927175e-04 4.216410102246731739e+00
1.011240076263384964e+02 1.973642395576251829e+01 1.233616619324146154e-04 4.194362059452137359e+00
1.021403207992038489e+02 1.964603020090142493e+01 1.215557094084449762e-04 4.172389808863158578e+00
1.031668480892663524e+02 1.955525836441713849e+01 1.197772721013037574e-04 4.150495340658886256e+00
1.042036921501104558e+02 1.946410715893198073e+01 1.180258612580927798e-04 4.128680543737274888e+00
1.052509566670062355e+02 1.937257536104393552e+01 1.163009998504415440e-04 4.106947213156343146e+00
1.063087463672781610e+02 1.928065751249440396e+01 1.146024096779508632e-04 4.085290369750609329e+00
1.073771670307777271e+02 1.918833950348711070e+01 1.129301344200686001e-04 4.063693506073207118e+00
1.084563255004616593e+02 1.909561842856931690e+01 1.112836783806643175e-04 4.042159328341419666e+00
1.095463296930761743e+02 1.900249196272421059e+01 1.096625417978327078e-04 4.020691046796731172e+00
1.106472886099489301e+02 1.890895801986267699e+01 1.080662359989235200e-04 3.999291831130163288e+00
1.117593123478890647e+02 1.881502302195848486e+01 1.064939933124824768e-04 3.977975636737764553e+00
1.128825121101970552e+02 1.872069372917204078e+01 1.049451137033384035e-04 3.956754631636321573e+00
1.140170002177851245e+02 1.862597018106893287e+01 1.034191755434582218e-04 3.935631074162684317e+00
1.151628901204094717e+02 1.853085250954086405e+01 1.019157672637445119e-04 3.914607142542268381e+00
1.163202964080152526e+02 1.843534005732502479e+01 1.004345134989736424e-04 3.893683911788587526e+00
1.174893348221957297e+02 1.833942780448868959e+01 9.897517185715878701e-05 3.872857510137739379e+00
1.186701222677665299e+02 1.824311427143183906e+01 9.753738495799268635e-05 3.852128677192931505e+00
1.198627768244562191e+02 1.814639897617318098e+01 9.612077366082056934e-05 3.831499262359324032e+00
1.210674177587143134e+02 1.804928147917263814e+01 9.472496716651530174e-05 3.810971061176658292e+00
1.222841655356381381e+02 1.795176137779919046e+01 9.334960269945347219e-05 3.790545820555526912e+00
1.235131418310193681e+02 1.785383830126328775e+01 9.199432520720559345e-05 3.770225243771373247e+00
1.247544695435116040e+02 1.775551190598107354e+01 9.065878707662501060e-05 3.750010995238890033e+00
1.260082728069206297e+02 1.765678187134000154e+01 8.934264786512667144e-05 3.729904705088090910e+00
1.272746770026175938e+02 1.755764191655962847e+01 8.804571095493178221e-05 3.709902204747607790e+00
1.285538087720773888e+02 1.745808489505417072e+01 8.676778408450350590e-05 3.689999184233046403e+00
1.298457960295429245e+02 1.735811156505490871e+01 8.550849192817929823e-05 3.670199230532622092e+00
1.311507679748166311e+02 1.725774577128425236e+01 8.426698641228042551e-05 3.650526743985591516e+00
1.324688551061804560e+02 1.715699593094076292e+01 8.304281804405400037e-05 3.630989801960783581e+00
1.338001892334459910e+02 1.705586228415897310e+01 8.183572499751940799e-05 3.611588684948389361e+00
1.351449034911354090e+02 1.695434498961319747e+01 8.064544865509142913e-05 3.592323720317301294e+00
1.365031323517950455e+02 1.685244399259192605e+01 7.947173618592698308e-05 3.573195165570862919e+00
1.378750116394428460e+02 1.675015374983279770e+01 7.831443890972180906e-05 3.554198737928926377e+00
1.392606785431508456e+02 1.664747022783887687e+01 7.717336827385492138e-05 3.535331995684521722e+00
1.406602716307641003e+02 1.654439321176393562e+01 7.604826206136596259e-05 3.516595987759999709e+00
1.420739308627577202e+02 1.644092245061615287e+01 7.493886202388412457e-05 3.497991793583432152e+00
1.435017976062329410e+02 1.633705765744901939e+01 7.384491378709622227e-05 3.479520525471489822e+00
1.449440146490540258e+02 1.623279850958784110e+01 7.276616675811132173e-05 3.461183331096830074e+00
1.464007262141270758e+02 1.612814464888461075e+01 7.170237403456609525e-05 3.442981396049859200e+00
1.478720779738225701e+02 1.602309304896032316e+01 7.065333517919810638e-05 3.424913868681477069e+00
1.493582170645425720e+02 1.591763885970747516e+01 6.961887601840610000e-05 3.406978748016816105e+00
1.508592921014346473e+02 1.581178292923272544e+01 6.859872962960079283e-05 3.389178706625691984e+00
1.523754531932533496e+02 1.570553487821618788e+01 6.759249945532930758e-05 3.371523153408027884e+00
1.539068519573713445e+02 1.559892752678203642e+01 6.659946337483324519e-05 3.354038420859898562e+00
1.554536415349412266e+02 1.549196322576130846e+01 6.561940346140958228e-05 3.336726384537720858e+00
1.570159766062097049e+02 1.538464129173567230e+01 6.465214796439108238e-05 3.319586773858768769e+00
1.585940134059859190e+02 1.527695706609660675e+01 6.369758042146698941e-05 3.302616591349011976e+00
1.601879097392647964e+02 1.516890796425226107e+01 6.275554724816876902e-05 3.285814814699728359e+00
1.617978249970080071e+02 1.506049584165972988e+01 6.182583043085183546e-05 3.269183937524769767e+00
1.634239201720828873e+02 1.495172257674063587e+01 6.090821477489178032e-05 3.252726551198596106e+00
1.650663578753620300e+02 1.484259007003779729e+01 6.000248780982824273e-05 3.236445351468808962e+00
1.667253023519844817e+02 1.473310024311551558e+01 5.910843969509496030e-05 3.220343145467286838e+00
1.684009194977803361e+02 1.462325577428137890e+01 5.822585334801945033e-05 3.204423397289138276e+00
1.700933768758605140e+02 1.451306048477406563e+01 5.735450072846470050e-05 3.188690464729253549e+00
1.718028437333732370e+02 1.440251513452485277e+01 5.649419742568368916e-05 3.173146575680868331e+00
1.735294910184288142e+02 1.429162031394531773e+01 5.564476199797782299e-05 3.157794021589737099e+00
1.752734913971946185e+02 1.418037656005910208e+01 5.480601433890463310e-05 3.142635251478012481e+00
1.770350192711618718e+02 1.406878549716478943e+01 5.397776130641167172e-05 3.127673709958282533e+00
1.788142507945859450e+02 1.395687855821084611e+01 5.315944655892292049e-05 3.112934391897251629e+00
1.806113638921018207e+02 1.384466771676531316e+01 5.235078320902583095e-05 3.098427548659686614e+00
1.824265382765168795e+02 1.373215338044365907e+01 5.155163056882730501e-05 3.084155259144770067e+00
1.842599554667822304e+02 1.361933580411418454e+01 5.076184747585573142e-05 3.070119850759881697e+00
1.861117988061447193e+02 1.350621508451608754e+01 4.998129232233320437e-05 3.056323908802669020e+00
1.879822534804814893e+02 1.339279116159337235e+01 4.920982297656827749e-05 3.042770293116741520e+00
1.898715065368186856e+02 1.327906530247974715e+01 4.844727947844586436e-05 3.029463233006550293e+00
1.917797469020364076e+02 1.316503759978926347e+01 4.769351426982532517e-05 3.016406490816918584e+00
1.937071654017613014e+02 1.305070711987014498e+01 4.694838907799037147e-05 3.003603531570568919e+00
1.956539547794495491e+02 1.293607271295226013e+01 4.621176492693079889e-05 2.991058149298054580e+00
1.976203097156612216e+02 1.282113299976905907e+01 4.548350210485265470e-05 2.978774485772186065e+00
1.996064268475286099e+02 1.270588834295540259e+01 4.476343765739470508e-05 2.966758540083884732e+00
2.016125047884199830e+02 1.259033973530665662e+01 4.405139958572177228e-05 2.955017325964164776e+00
2.036387441478011908e+02 1.247448542049929010e+01 4.334724407273739342e-05 2.943556403381124564e+00
2.056853475512967293e+02 1.235832809591717130e+01 4.265077278699968199e-05 2.932385470685739293e+00
2.077525196609523732e+02 1.224188487246895818e+01 4.196162749598206205e-05 2.921525960615256601e+00
2.098404671957018195e+02 1.212514760213825227e+01 4.127973531977973152e-05 2.910980393202165839e+00
2.119493989520384503e+02 1.200810781250253356e+01 4.060501533180722308e-05 2.900752103293498418e+00
2.140795258248953985e+02 1.189076372309957641e+01 3.993730323455430865e-05 2.890850742460847833e+00
2.162310608287350249e+02 1.177311308934882561e+01 3.927643296841954124e-05 2.881286712834957964e+00
2.184042191188506763e+02 1.165515370663517913e+01 3.862223002293811946e-05 2.872071713110031954e+00
2.205992180128823179e+02 1.153689102528162103e+01 3.797442611453984526e-05 2.863225259272509149e+00
2.228162770125485679e+02 1.141832045698961728e+01 3.733285877865996806e-05 2.854759973914297255e+00
2.250556178255969257e+02 1.129943269404322592e+01 3.669740503757664384e-05 2.846686235801906939e+00
2.273174643879747805e+02 1.118021741649667256e+01 3.606793757050757136e-05 2.839015462388751132e+00
2.296020428862232734e+02 1.106066536718533300e+01 3.544429928925061068e-05 2.831762214492697272e+00
2.319095817800960901e+02 1.094076765050222377e+01 3.482631051046552675e-05 2.824943850239134413e+00
2.342403118254055698e+02 1.082051112696210460e+01 3.421381901830367007e-05 2.818576615738785485e+00
2.365944660970984899e+02 1.069989055540914435e+01 3.360655396210386647e-05 2.812687782200062880e+00
2.389722800125637718e+02 1.057889975131785221e+01 3.300422968577940657e-05 2.807307708192456897e+00
2.413739913551745815e+02 1.045752004606103824e+01 3.240667573783013344e-05 2.802458859097407995e+00
2.437998402980665844e+02 1.033572800697014316e+01 3.181373939092922899e-05 2.798163714682054160e+00
2.462500694281555695e+02 1.021349726086734933e+01 3.122525776242259887e-05 2.794447262534828891e+00
2.487249237703964582e+02 1.009079880091942272e+01 3.064104673878870894e-05 2.791338226374879383e+00
2.512246508122858586e+02 9.967600955736276802e+00 3.006089245579344021e-05 2.788870194516439138e+00
2.537495005286110654e+02 9.843866599787084226e+00 2.948457672518993772e-05 2.787079671432069361e+00
2.562997254064477488e+02 9.719553294219185346e+00 2.891186194041097076e-05 2.786007813680714928e+00
2.588755804704089201e+02 9.594613482818276751e+00 2.834247006913415462e-05 2.785702956984663192e+00
2.614773233081474473e+02 9.468991173195478339e+00 2.777610861093988260e-05 2.786218750201411964e+00
2.641052140961152759e+02 9.342620289886420792e+00 2.721246782178758137e-05 2.787615008441972186e+00
2.667595156255811730e+02 9.215426261718492995e+00 2.665115392643476575e-05 2.789965387024893939e+00
2.694404933289099517e+02 9.087321628089435777e+00 2.609170554388716355e-05 2.793357200391319850e+00
2.721484153061060738e+02 8.958197797478620217e+00 2.553367208819882613e-05 2.797884465283017263e+00
2.748835523516239050e+02 8.827924314907862779e+00 2.497654049364686794e-05 2.803656994812761205e+00
2.776461779814473516e+02 8.696341392013628990e+00 2.441976420980138172e-05 2.810799115431056538e+00
2.804365684604415492e+02 8.563258052492424000e+00 2.386257498867804853e-05 2.819473899460959831e+00
2.832550028299796736e+02 8.428436825224657980e+00 2.330399739846872101e-05 2.829886855953012592e+00
2.861017629358473755e+02 8.291575214968707641e+00 2.274277333849262570e-05 2.842301749714494008e+00
2.889771334564276231e+02 8.152276414174274066e+00 2.217740988556047473e-05 2.857043761930189163e+00
2.918814019311685684e+02 8.010010034481787500e+00 2.160595428283003413e-05 2.874540112846592610e+00
2.948148587893379613e+02 7.864040865559866589e+00 2.102565485561851231e-05 2.895385569409917981e+00
2.977777973790661576e+02 7.713300603876331429e+00 2.043256974798848352e-05 2.920431720000587816e+00
3.007705139966812453e+02 7.556139389625547764e+00 1.982070830381235115e-05 2.950971309348211946e+00
3.037933079163389607e+02 7.389763155508739523e+00 1.917992404494056437e-05 2.989175298089334465e+00
3.068464814199501802e+02 7.208690717734518749e+00 1.849027436076284208e-05 3.039268176516779274e+00
3.099303398274097390e+02 6.998665959757651045e+00 1.769970367181278868e-05 3.112149798479166396e+00
3.110263886691791413e+02 6.909442342174282992e+00 1.736659319267495880e-05 3.149528673215974184e+00
3.121263136176382886e+02 6.799576115785270325e+00 1.695835363034013524e-05 3.202655457747978662e+00
3.125244022466584397e+02 6.747401885719432002e+00 1.676512512839862926e-05 3.231320290695874675e+00
3.129229986013961025e+02 6.669361539319341503e+00 1.647669241954407453e-05 3.279515382245669741e+00
3.130000000536640528e+02 6.638504655389143139e+00 1.636278443238958912e-05 3.300720793660202546e+00
