# # r T rho v
1.000000000171451242e-01 1.154506531570247851e+00 8.559114154442955424e+00 1.482650481341837789e+01
1.007667270130643000e-01 1.156124129564868985e+00 8.429503544417059402e+00 1.482624932167525422e+01
1.017794494560703145e-01 1.158241340555294707e+00 8.262786393725878753e+00 1.482589367833838168e+01
1.028023499288384379e-01 1.160357133610155023e+00 8.099379851315102741e+00 1.482551368471178321e+01
1.038355307222683654e-01 1.162470665361853062e+00 7.939218136133401771e+00 1.482510892837204608e+01
1.048790951553004169e-01 1.164581030547012563e+00 7.782236773642563499e+00 1.482467899136397982e+01
1.059331475852475224e-01 1.166687259983030467e+00 7.628372569907471146e+00 1.482422345009336873e+01
1.069977934182310547e-01 1.168788318549371263e+00 7.477563586200512979e+00 1.482374187521379483e+01
1.080731391197215507e-01 1.170883103177599693e+00 7.329749114110484243e+00 1.482323383150681906e+01
1.091592922251852643e-01 1.172970440854134377e+00 7.184869651145198155e+00 1.482269887775650652e+01
1.102563613508378976e-01 1.175049086639662121e+00 7.042866876818927757e+00 1.482213656661612511e+01
1.113644562045061764e-01 1.177117721709109555e+00 6.903683629214123485e+00 1.482154644446867131e+01
1.124836875965989774e-01 1.179173490913701494e+00 6.767263836924058751e+00 1.482092815001860586e+01
1.136141674511881305e-01 1.181202129424711700e+00 6.633552205375848665e+00 1.482028207455838320e+01
1.147560088172011883e-01 1.183198240222155029e+00 6.502494833227562054e+00 1.481960798262168666e+01
1.159093258797263132e-01 1.185174083563649283e+00 6.374039412315258168e+00 1.481890443084559728e+01
1.170742339714308244e-01 1.187170168044126006e+00 6.248135439277367809e+00 1.481816809402077517e+01
1.182508495840946527e-01 1.189189093818290965e+00 6.124732271349885515e+00 1.481739823384585009e+01
1.194392903802596051e-01 1.191231500259159803e+00 6.003780214490711309e+00 1.481659423530202346e+01
1.206396752049956611e-01 1.193298042611040222e+00 5.885230562334359483e+00 1.481575547202345611e+01
1.218521240977855913e-01 1.195389392047384813e+00 5.769035576556523992e+00 1.481488130610357068e+01
1.230767583045290908e-01 1.197506235690193099e+00 5.655148467628346332e+00 1.481397108790069517e+01
1.243137002896673726e-01 1.199649276588304669e+00 5.543523375953042454e+00 1.481302415584202237e+01
1.255630737484297044e-01 1.201819233651834962e+00 5.434115353377013236e+00 1.481203983622684284e+01
1.268250036192030972e-01 1.204010073903236888e+00 5.326880180781249585e+00 1.481101789981698502e+01
1.280996160960262698e-01 1.206210565548334390e+00 5.221774408364878717e+00 1.480995844281549445e+01
1.293870386412090956e-01 1.208419827513853129e+00 5.118755711275920994e+00 1.480886083946126774e+01
1.306873999980789069e-01 1.210637088005873885e+00 5.017782609875197863e+00 1.480772444270782273e+01
1.320008302038550851e-01 1.212861507479793488e+00 4.918814448709544429e+00 1.480654859589120420e+01
1.333274606026526865e-01 1.215092175973627731e+00 4.821811380152445814e+00 1.480533263257493992e+01
1.346674238586171579e-01 1.217328110453211210e+00 4.726734348370985828e+00 1.480407587638605982e+01
1.360208539691907526e-01 1.219568252176709278e+00 4.633545073612346243e+00 1.480277764084238434e+01
1.373878862785123389e-01 1.221811464085958754e+00 4.542206036803594138e+00 1.480143722917017257e+01
1.387686574909520743e-01 1.224056528232144725e+00 4.452680464458492970e+00 1.480005393411145675e+01
1.401633056847818304e-01 1.226302143243323428e+00 4.364932313885186765e+00 1.479862703772054466e+01
1.415719703259832041e-01 1.228546394828809341e+00 4.278926248333807081e+00 1.479715584695789232e+01
1.429947922821942219e-01 1.230773724203574560e+00 4.194627375207102382e+00 1.479564057033032043e+01
1.444319138367962108e-01 1.232977211604918688e+00 4.112001680474914878e+00 1.479408079568189294e+01
1.458834787031421665e-01 1.235153889170502950e+00 4.031015907006915810e+00 1.479247582162294883e+01
1.473496320389284242e-01 1.237300643654698495e+00 3.951637458824636351e+00 1.479082493655933206e+01
1.488305204607103249e-01 1.239414765992498113e+00 3.873834397841270150e+00 1.478912738083549350e+01
1.503262920585641538e-01 1.241533247132628359e+00 3.797576111128755816e+00 1.478737969440900635e+01
1.518370964108961829e-01 1.243685415101413616e+00 3.722832409227383899e+00 1.478557897951463751e+01
1.533630845994006231e-01 1.245872233633070980e+00 3.649573194293528555e+00 1.478372426285896424e+01
1.549044092241680104e-01 1.248094695130804732e+00 3.577768966935134909e+00 1.478181455277212741e+01
1.564612244189452217e-01 1.250353820699846574e+00 3.507390814300408000e+00 1.477984883891167911e+01
1.580336858665491451e-01 1.252650660090371293e+00 3.438410398402957480e+00 1.477782609196708385e+01
1.596219508144348931e-01 1.254981445779290716e+00 3.370799869760758405e+00 1.477574559176470004e+01
1.612261780904208353e-01 1.257332809781605443e+00 3.304531793896768654e+00 1.477360723811166565e+01
1.628465281185713653e-01 1.259703340790186088e+00 3.239579474571244955e+00 1.477141008884593809e+01
1.644831629352396796e-01 1.262092161634220222e+00 3.175916755793842583e+00 1.476915314451192351e+01
1.661362462052713429e-01 1.264498301820215609e+00 3.113518001396415436e+00 1.476683539069100881e+01
1.678059432383707528e-01 1.266920693724032487e+00 3.052358084716828124e+00 1.476445579776911998e+01
1.694924210056328040e-01 1.269358168860804659e+00 2.992412378489496483e+00 1.476201332068921346e+01
1.711958481562395884e-01 1.271809454249696270e+00 2.933656744938867522e+00 1.475950689868585286e+01
1.729163950343256262e-01 1.274273168890470931e+00 2.876067526071537817e+00 1.475693545500164383e+01
1.746542336960126285e-01 1.276747820368616670e+00 2.819621534162958465e+00 1.475429789658456947e+01
1.764095379266149011e-01 1.279231801605478891e+00 2.764296042434780443e+00 1.475159311376510907e+01
1.781824832580182483e-01 1.281723234467214034e+00 2.710068773997782898e+00 1.474881999036757918e+01
1.799732469862332929e-01 1.284211157635524625e+00 2.656917785672674892e+00 1.474597799948822008e+01
1.817820081891252382e-01 1.286686607029917884e+00 2.604821604933182044e+00 1.474306643836720632e+01
1.836089477443215434e-01 1.289146236615460461e+00 2.553759259312997187e+00 1.474008419048744578e+01
1.854542483473002323e-01 1.291586523451429436e+00 2.503710193524111283e+00 1.473703012246953747e+01
1.873180945296594180e-01 1.294003765946499351e+00 2.454654261212211974e+00 1.473390308352939115e+01
1.892006726775704861e-01 1.296394082457249519e+00 2.406571716875736122e+00 1.473070190490464704e+01
1.911021710504170468e-01 1.298769923158559658e+00 2.359443387891559940e+00 1.472742427604079474e+01
1.930227797996210137e-01 1.301189035283275786e+00 2.313250951451270687e+00 1.472406482096888070e+01
1.949626909876577829e-01 1.303659336288881976e+00 2.267975882185155889e+00 1.472062158291382872e+01
1.969220986072627577e-01 1.306182270809625345e+00 2.223599951772281980e+00 1.471709302308065936e+01
1.989011986008307753e-01 1.308759306713906279e+00 2.180105294317814302e+00 1.471347757503056997e+01
2.009001888800104330e-01 1.311389210917696557e+00 2.137474372179332338e+00 1.470977382981911497e+01
2.029192693454954510e-01 1.314056134624342231e+00 2.095689857235089715e+00 1.470598133740893232e+01
2.049586419070149879e-01 1.316755876991014595e+00 2.054734888877446153e+00 1.470209880701630034e+01
2.070185105035246553e-01 1.319487313419148711e+00 2.014592973587242764e+00 1.469812470541476124e+01
2.090990811236006497e-01 1.322249171601628248e+00 1.975247945582961240e+00 1.469405747749153335e+01
2.112005618260388851e-01 1.325040025924544951e+00 1.936683960330698007e+00 1.468989554590298319e+01
2.133231627606607117e-01 1.327858292185014610e+00 1.898885488185998227e+00 1.468563731069497003e+01
2.154670961893285497e-01 1.330702222665025136e+00 1.861837308164967286e+00 1.468128114888432378e+01
2.176325765071717988e-01 1.333569901599882979e+00 1.825524501841816027e+00 1.467682541400038509e+01
2.198198202640268550e-01 1.336459241078079563e+00 1.789932447370222945e+00 1.467226843558377070e+01
2.220290461860921494e-01 1.339367977407166732e+00 1.755046813625820601e+00 1.466760851864090043e+01
2.242604751978008459e-01 1.342293667977717764e+00 1.720853554467187907e+00 1.466284394305240291e+01
2.265143304439136696e-01 1.345227656323501497e+00 1.687338855651023373e+00 1.465797337523583543e+01
2.287908373118334449e-01 1.348151572652038110e+00 1.654489108573694800e+00 1.465299609143587034e+01
2.310902234541440670e-01 1.351060580141951073e+00 1.622291087329567727e+00 1.464791038993720740e+01
2.334127188113759577e-01 1.353949643548670201e+00 1.590731829767297434e+00 1.464271453975019277e+01
2.357585556350002554e-01 1.356813484688499827e+00 1.559798631952432624e+00 1.463740678268694495e+01
2.381279685106541255e-01 1.359661786557050389e+00 1.529479151948525795e+00 1.463198429092523867e+01
2.405211943815997178e-01 1.362560269781193378e+00 1.499761678203708648e+00 1.462644039877633162e+01
2.429384725724184624e-01 1.365519795256160851e+00 1.470634321036943470e+00 1.462077222559778988e+01
2.453800448129438705e-01 1.368540399152322173e+00 1.442085349872392230e+00 1.461497759738971780e+01
2.478461552624345865e-01 1.371621959224287757e+00 1.414103267026589172e+00 1.460905430992971965e+01
2.503370505339906904e-01 1.374764184416213730e+00 1.386676803087936394e+00 1.460300012858311725e+01
2.528529797192151651e-01 1.377966570591052653e+00 1.359794912172917369e+00 1.459681279042799851e+01
2.553941944131230546e-01 1.381224678950285112e+00 1.333446744283554031e+00 1.459049025819556533e+01
2.579609487393014211e-01 1.384534083409455718e+00 1.307621668027742601e+00 1.458403044290893114e+01
2.605534993753219619e-01 1.387893032826328144e+00 1.282309281961719005e+00 1.457743102328662488e+01
2.631721055784085328e-01 1.391299532241764947e+00 1.257499391264726096e+00 1.457068964714654236e+01
2.658170292113638533e-01 1.394751336633769156e+00 1.233182003676756455e+00 1.456380393078474711e+01
2.684885347687552826e-01 1.398245945658713740e+00 1.209347325520836236e+00 1.455677145827223029e+01
2.711868894033647170e-01 1.401780599446577957e+00 1.185985757807954677e+00 1.454958978066494346e+01
2.739123629529043313e-01 1.405352275509144988e+00 1.163087892422587144e+00 1.454225641512498157e+01
2.766652279670003267e-01 1.408957686811535215e+00 1.140644508386830180e+00 1.453476884395062108e+01
2.794457597344481292e-01 1.412593281048049487e+00 1.118646568201201896e+00 1.452712451351341016e+01
2.822542363107416463e-01 1.416255241153509425e+00 1.097085214260061115e+00 1.451932083310235555e+01
2.850909385458788026e-01 1.419939130451269849e+00 1.075951763505283543e+00 1.451135519841616883e+01
2.879561501124472400e-01 1.423646079544577114e+00 1.055237735547444267e+00 1.450322455878641925e+01
2.908501575339910716e-01 1.427456869497966352e+00 1.034935209236392817e+00 1.449492033571652883e+01
2.937732502136643498e-01 1.431389445571638941e+00 1.015036088969323513e+00 1.448643832534513365e+01
2.967257204631706946e-01 1.435446065297413698e+00 9.955323610744895024e-01 1.447777536310437796e+01
2.997078635319957440e-01 1.439628749086056647e+00 9.764161704781946227e-01 1.446892824668750954e+01
3.027199776369313144e-01 1.443939254249920756e+00 9.576798175408156588e-01 1.445989373662125210e+01
3.057623639918981562e-01 1.448379049343617719e+00 9.393157549636680370e-01 1.445066855677788809e+01
3.088353268380669148e-01 1.452949289072235972e+00 9.213165847655523377e-01 1.444124939481199199e+01
3.119391734742831823e-01 1.457650790020982745e+00 9.036750553279213616e-01 1.443163290250420161e+01
3.150742142877969720e-01 1.462484007460937985e+00 8.863840585074316269e-01 1.442181569599634194e+01
3.182407627853023335e-01 1.467449013482932108e+00 8.694366268145613530e-01 1.441179435590250435e+01
3.214391356242876641e-01 1.472545014556332132e+00 8.528259287484405426e-01 1.440156545950972600e+01
3.246696526447023778e-01 1.477765868966964380e+00 8.365452483254058880e-01 1.439112588945057780e+01
3.279326369009404329e-01 1.483108655526360176e+00 8.205880186086568218e-01 1.438047223139785835e+01
3.312284146941466556e-01 1.488572172271824368e+00 8.049478116318478094e-01 1.436960088175765371e+01
3.345573156048469721e-01 1.494260597835723070e+00 7.896187322371773787e-01 1.435850082505639769e+01
3.379196725259063783e-01 1.500275362263445045e+00 7.745949632563721154e-01 1.434716132643133513e+01
3.413158216958191993e-01 1.506632528900362367e+00 7.598704648935750150e-01 1.433557761442603429e+01
3.447461027323321936e-01 1.513348036373911576e+00 7.454393153498010127e-01 1.432374487163695065e+01
3.482108586664079408e-01 1.520437578905968090e+00 7.312957082310336254e-01 1.431165824155870148e+01
3.517104359765269583e-01 1.527916480255600673e+00 7.174339500213599008e-01 1.429931283573602308e+01
3.552451846233367072e-01 1.535799562497047299e+00 7.038484576237578061e-01 1.428670374113779218e+01
3.588154580846473207e-01 1.544101011011449698e+00 6.905337559712710904e-01 1.427382602765357333e+01
3.624216133907803283e-01 1.552834276030858884e+00 6.774844758408424816e-01 1.426067475287305797e+01
3.660640111602714852e-01 1.562046307918503851e+00 6.646954646399939604e-01 1.424724254658647915e+01
3.697430156359329256e-01 1.572031499082561457e+00 6.521624597912401011e-01 1.423350465287369992e+01
3.734589947212782479e-01 1.582911028996694114e+00 6.398806746142826629e-01 1.421944874270576165e+01
3.772123200173125301e-01 1.594747907007799448e+00 6.278452175886800601e-01 1.420506658971822134e+01
3.810033668596931600e-01 1.607605435672723848e+00 6.160512879495554373e-01 1.419034992184332289e+01
3.848325143562636996e-01 1.621546577248118792e+00 6.044941724255938897e-01 1.417529046350560229e+01
3.887001454249646715e-01 1.636671971199550102e+00 5.931693572275497095e-01 1.415987723161203959e+01
3.926066468321259828e-01 1.653602063951940870e+00 5.820739170348164793e-01 1.414406251048737140e+01
3.965524092311438209e-01 1.672664681017017152e+00 5.712040346755647979e-01 1.412781989703071694e+01
4.005378272015461816e-01 1.694057175195943454e+00 5.605555546820927271e-01 1.411113238119439650e+01
4.045632992884513612e-01 1.718101229412331454e+00 5.501247270524121102e-01 1.409397415815137222e+01
4.086292280424225765e-01 1.746089110649333476e+00 5.399104766932443233e-01 1.407625068130324841e+01
4.127360200597235962e-01 1.778798768400451591e+00 5.299101612597294508e-01 1.405790519975285413e+01
4.168840860229782730e-01 1.817495862689205710e+00 5.201223840261527398e-01 1.403884643626185103e+01
4.210738407422399132e-01 1.864953065351183437e+00 5.105495000240700687e-01 1.401887693116897537e+01
4.253057031964718182e-01 1.924413123391493396e+00 5.011946481165864276e-01 1.399776712071484042e+01
4.295800965754459355e-01 2.002233313361058364e+00 4.920683178517132328e-01 1.397506689886804843e+01
4.338974483220622846e-01 2.110129623944614785e+00 4.831933206136350134e-01 1.394994474114885108e+01
4.382581901750931541e-01 2.271445757120547970e+00 4.746191920277636478e-01 1.392073685981655196e+01
4.424306218285609105e-01 2.518545997300050576e+00 4.668721784490768023e-01 1.388606683278906750e+01
4.463849739991476717e-01 2.880443609685832129e+00 4.600314496021430388e-01 1.384397940698789142e+01
4.503746693406577850e-01 3.323508181938461092e+00 4.534903743700524625e-01 1.379595013250994562e+01
4.549010100180082561e-01 3.799414307918783873e+00 4.462033008156714997e-01 1.374361626920089918e+01
4.594728411754461228e-01 4.227177976496055756e+00 4.389254598112703465e-01 1.369484550217195640e+01
4.640906199998967030e-01 4.623449778831285606e+00 4.316985863763768694e-01 1.364838905278117487e+01
4.687548082730909060e-01 5.003186617253519763e+00 4.245586345651887750e-01 1.360311760540598414e+01
4.734658724177425726e-01 5.376760482462063173e+00 4.175292135461627363e-01 1.355824175678958809e+01
4.782242835441923301e-01 5.751739215570305319e+00 4.106263043678717861e-01 1.351318072039010865e+01
4.830305174975180749e-01 6.136387940272292063e+00 4.038666476139759487e-01 1.346729806548721875e+01
4.878850549051201857e-01 6.538840035128981043e+00 3.972658320662901810e-01 1.341996422542614020e+01
4.927883812247852435e-01 6.970452706024439671e+00 3.908459846103877755e-01 1.337029617970064876e+01
4.977409867932310328e-01 7.446187860517603951e+00 3.846364285447641529e-01 1.331712202910223120e+01
5.027433668751417617e-01 7.990113438503325227e+00 3.786859487092277821e-01 1.325854028163286458e+01
5.077960217126941123e-01 8.638498542625516308e+00 3.730697451831258560e-01 1.319164583561207316e+01
5.128994565755824464e-01 9.451094871283364895e+00 3.679157313244187377e-01 1.311157205934245340e+01
5.180541818115460551e-01 1.049233404235264722e+01 3.633660287665449462e-01 1.301286462423023949e+01
5.232607128974040567e-01 1.175608213576062511e+01 3.594115639356220138e-01 1.289553303519738492e+01
5.285195704906039404e-01 1.313533733900125355e+01 3.558164855726301257e-01 1.276789754839394675e+01
5.338312804812871404e-01 1.453519404563843942e+01 3.523654558772704726e-01 1.263764755980268006e+01
5.391963740448795228e-01 1.589639781332677337e+01 3.489169499638080651e-01 1.250983576875995418e+01
5.446153876952081196e-01 1.719059201343101861e+01 3.453971677498927084e-01 1.238708204213026676e+01
5.500888633381539883e-01 1.842565971269128156e+01 3.418205041584752024e-01 1.226884800162564559e+01
5.556173483258425305e-01 1.962764516718621977e+01 3.382500028390803548e-01 1.215285168845398367e+01
5.612013955113795971e-01 2.082076843052017523e+01 3.347480039142897712e-01 1.203682984043903659e+01
5.668415633041372637e-01 2.202182221337790224e+01 3.313607912987461268e-01 1.191909026747942946e+01
5.725384157255949402e-01 2.323799836694294640e+01 3.281114049050321557e-01 1.179877750393317370e+01
5.782925224657419205e-01 2.447104375974846491e+01 3.250095729568069913e-01 1.167552169569273524e+01
5.841044589400476994e-01 2.572009813760285013e+01 3.220588050605150965e-01 1.154918614995791515e+01
5.899748063470028336e-01 2.698561353297500531e+01 3.192676640818666312e-01 1.141946438047187584e+01
5.959041517262397836e-01 2.827155803180800930e+01 3.166575431577257627e-01 1.128560748632178878e+01
6.018930880172380649e-01 2.958599077710103842e+01 3.142668708753545426e-01 1.114628872108398383e+01
6.079422141186170414e-01 3.093497760682603115e+01 3.121339814159191373e-01 1.100023461616542519e+01
6.140521349480283497e-01 3.232161549470727380e+01 3.102946993173772983e-01 1.084632850078852151e+01
6.202234615026461784e-01 3.374254568394160714e+01 3.087695765949992066e-01 1.068406984585960195e+01
6.264568109202687252e-01 3.518451752371910146e+01 3.075466387035392657e-01 1.051415430287785568e+01
6.327528065410324976e-01 3.662383810610280932e+01 3.065686527435392827e-01 1.033883718566595888e+01
6.391120779697462284e-01 3.803091320100591588e+01 3.057371901986167817e-01 1.016167455724410118e+01
6.455352611388519568e-01 3.937882822919601011e+01 3.049388032085788014e-01 9.986538272130246696e+00
6.520229983720194911e-01 4.064657333165708053e+01 3.040570496570589865e-01 9.817178677942626663e+00
6.585759384483785839e-01 4.181958380740834258e+01 3.029774380119579780e-01 9.657074772945644980e+00
6.651947366673975903e-01 4.289810501070484605e+01 3.016474351889802397e-01 9.507588054071639760e+00
6.718800549144140488e-01 4.389833177989419966e+01 3.001119144334896127e-01 9.367007466724416531e+00
6.786325617268239574e-01 4.482379654741436070e+01 2.983438604700480723e-01 9.235940128673425065e+00
6.854529323609355185e-01 4.569312645141792473e+01 2.964310481716451173e-01 9.111473884326226624e+00
6.923418488594959008e-01 4.649067864971502928e+01 2.942029955705285360e-01 8.998691108363734870e+00
6.993000001198955706e-01 4.724663371619784868e+01 2.918623109148076322e-01 8.891243993058315809e+00
7.007000001201356687e-01 4.739375548909553970e+01 2.913865260138659985e-01 8.870209982107796876e+00
7.077421521972196983e-01 4.811694251652237853e+01 2.890391026449646295e-01 8.765180759164172386e+00
7.148550790793104515e-01 4.880484030227135150e+01 2.865904138448484573e-01 8.665027148174512917e+00
7.220394920650237136e-01 4.944842766020997260e+01 2.839066805311520336e-01 8.573735586772817996e+00
7.292961096016448153e-01 5.006464204875291557e+01 2.811401998752129927e-01 8.486661081736174950e+00
7.366256573569752719e-01 5.065892818689079746e+01 2.783384100104546732e-01 8.402350159845962452e+00
7.440288682918979601e-01 5.122997623321565186e+01 2.754645126341770389e-01 8.321897666120236181e+00
7.515064827336760400e-01 5.177906079598157163e+01 2.725124916531612707e-01 8.245475859342763059e+00
7.590592484499849579e-01 5.230969451093272937e+01 2.695153015274146524e-01 8.172084009139226168e+00
7.666879207236901861e-01 5.282400738196305667e+01 2.664924924224541525e-01 8.101125892074348300e+00
7.743932624283768051e-01 5.332303766550984392e+01 2.634479875857409503e-01 8.032478740314694221e+00
7.821760441046360368e-01 5.380693985129424561e+01 2.603653282094971488e-01 7.966644357522572051e+00
7.900370440371212721e-01 5.427715880839271279e+01 2.572579144626226944e-01 7.903217723665711070e+00
7.979770483323764818e-01 5.473481257254041310e+01 2.541369475771696473e-01 7.841858327276809426e+00
8.059968509974481110e-01 5.518073596786480550e+01 2.510107020735672934e-01 7.782312630218288341e+00
8.140972540192858986e-01 5.561555670920349570e+01 2.478845800201435745e-01 7.724413430238056044e+00
8.222790674449420578e-01 5.603965969016628890e+01 2.447524506052813076e-01 7.668352766750968996e+00
8.305431094625775890e-01 5.645360200081928781e+01 2.416172010883167465e-01 7.614044200788897321e+00
8.388902064832809424e-01 5.685789551233165184e+01 2.384845153208128843e-01 7.561312152572176259e+00
8.473211932237102451e-01 5.725295174319630576e+01 2.353589549391618130e-01 7.510013824967646023e+00
8.558369127895651962e-01 5.763910633128044481e+01 2.322442194297590079e-01 7.460031489155498186e+00
8.644382167598988476e-01 5.801663659314620247e+01 2.291433354548007284e-01 7.411266900798148427e+00
8.731259652722761500e-01 5.838581282393074900e+01 2.260566633110628887e-01 7.363706693259285174e+00
8.819010271087881492e-01 5.874693412651403435e+01 2.229829655035794611e-01 7.317390260106028776e+00
8.907642797829308234e-01 5.910021826527846400e+01 2.199248364503343933e-01 7.272232205025164653e+00
8.997166096273578884e-01 5.944584708607282408e+01 2.168845385160277917e-01 7.228156264781090634e+00
9.087589118825140089e-01 5.978397455397264082e+01 2.138639790570658894e-01 7.185096298640671897e+00
9.178920907861599643e-01 6.011473194835086531e+01 2.108647715296066982e-01 7.142994516052528553e+00
9.271170596637973160e-01 6.043823208653094525e+01 2.078882812668093605e-01 7.101800170951730884e+00
9.364347410200010158e-01 6.075457256628104119e+01 2.049356660913702333e-01 7.061468391095170105e+00
9.458460666306716114e-01 6.106388667869912013e+01 2.020070757694361896e-01 7.021988203972077791e+00
9.553519776362130456e-01 6.136633825735675174e+01 1.991021179001236652e-01 6.983367671476577776e+00
9.649534246356474831e-01 6.166200427481993529e+01 1.962217885185411625e-01 6.945566411898108861e+00
9.746513677816759369e-01 6.195095013900961334e+01 1.933669665356847200e-01 6.908547123939309920e+00
9.844467768766946847e-01 6.223323308641220564e+01 1.905384011342528550e-01 6.872276146804737529e+00
9.943406314697761372e-01 6.250890353961455759e+01 1.877367290102217035e-01 6.836722973897235711e+00
1.004333920954624704e+00 6.277800624248612849e+01 1.849624889504233871e-01 6.801859843191782495e+00
1.014427644668516093e+00 6.304058121514709967e+01 1.822161342203574286e-01 6.767661390306683344e+00
1.024622811992233817e+00 6.329666456188403600e+01 1.794980431406792420e-01 6.734104353177550628e+00
1.034920442451005895e+00 6.354628915830470959e+01 1.768085281566013078e-01 6.701167319463294803e+00
1.045321565816459630e+00 6.378949352679750717e+01 1.741477689619828073e-01 6.668833369516248055e+00
1.055827222209599237e+00 6.402634173942382745e+01 1.715156711871311246e-01 6.637095768932480766e+00
1.066438462204818638e+00 6.425686468496954262e+01 1.689124088954411240e-01 6.605937284609497695e+00
1.077156346934960318e+00 6.448108695938958590e+01 1.663381535963451563e-01 6.575340323984896429e+00
1.087981948197428883e+00 6.469903203072605891e+01 1.637930341832341818e-01 6.545288508022426122e+00
1.098916348561371770e+00 6.491072244717958029e+01 1.612771424777113272e-01 6.515766506797496582e+00
1.109960641475937315e+00 6.511618012000941746e+01 1.587905371774956664e-01 6.486759930437731470e+00
1.121115931379620845e+00 6.531542657235767990e+01 1.563332473237843689e-01 6.458255233472621093e+00
1.132383333810708548e+00 6.550848315786811327e+01 1.539052753613229518e-01 6.430239630430272690e+00
1.143763975518833576e+00 6.569537125322815996e+01 1.515065998453797858e-01 6.402701021160638106e+00
1.155258994577650133e+00 6.587611242809194323e+01 1.491371778416827054e-01 6.375627924599037932e+00
1.166869540498643554e+00 6.605072859529101947e+01 1.467969470586448777e-01 6.349009419876144200e+00
1.178596774346081455e+00 6.621924214378540796e+01 1.444858277455309814e-01 6.322835093842842369e+00
1.190441868853120866e+00 6.638167605642941282e+01 1.422037243855066857e-01 6.297094994211536623e+00
1.202406008539084192e+00 6.653805401431309008e+01 1.399505272084823337e-01 6.271779587629920272e+00
1.214490389827909578e+00 6.668839925555042214e+01 1.377261196756113526e-01 6.246879444043633711e+00
1.226696221167796530e+00 6.683272566133257442e+01 1.355304217664998478e-01 6.222383254334035385e+00
1.239024723152050367e+00 6.697105659652230258e+01 1.333632957294983157e-01 6.198282094106001949e+00
1.251477128641143466e+00 6.710341997617955201e+01 1.312245770678523715e-01 6.174568114199620261e+00
1.264054682886001979e+00 6.722984487778657581e+01 1.291140931379074208e-01 6.151233721518378772e+00
1.276758643652531555e+00 6.735036150278337175e+01 1.270316642745049074e-01 6.128271540209559554e+00
1.289590281347394951e+00 6.746500121525133409e+01 1.249771044327558922e-01 6.105674393571037584e+00
1.302550879145055740e+00 6.757379657509275717e+01 1.229502217685293497e-01 6.083435287669649583e+00
1.315641733116093670e+00 6.767678136612077822e+01 1.209508191642977015e-01 6.061547396494722406e+00
1.328864152356814765e+00 6.777399061942388414e+01 1.189786947061941408e-01 6.040004048491782740e+00
1.342219459120162162e+00 6.786546063232570702e+01 1.170336421174726638e-01 6.018798714339192557e+00
1.355708988947941229e+00 6.795122898322560445e+01 1.151154511529678265e-01 5.997924995846303453e+00
1.369334090804376736e+00 6.803133454257292101e+01 1.132239079586307567e-01 5.977376615865856557e+00
1.383096127211008053e+00 6.810581748020366888e+01 1.113587953997786650e-01 5.957147409124531556e+00
1.396996474382944609e+00 6.817471926924349646e+01 1.095198933612847314e-01 5.937231313886843331e+00
1.411036522366486912e+00 6.823808268074142802e+01 1.077069790421164713e-01 5.917622363303649990e+00
1.425217675178133359e+00 6.829595148283354433e+01 1.059198281424540561e-01 5.898314626399513649e+00
1.439541350944983256e+00 6.834837093023165266e+01 1.041582134450032560e-01 5.879302291367253019e+00
1.454008982046549381e+00 6.839538768860828100e+01 1.024219053249603995e-01 5.860579645490589407e+00
1.468622015257998514e+00 6.843704970129094534e+01 1.007106723558328504e-01 5.842141047830610390e+00
1.483381911894828820e+00 6.847340617595781964e+01 9.902428149165724836e-02 5.823980924559154282e+00
1.498290147959004504e+00 6.850450756893852144e+01 9.736249823597721564e-02 5.806093764733442519e+00
1.513348214286555748e+00 6.853040556723259158e+01 9.572508679890837091e-02 5.788474116476178821e+00
1.528557616696662791e+00 6.855115306835455158e+01 9.411181024348336255e-02 5.771116583528735688e+00
1.543919876142241909e+00 6.856680415810876639e+01 9.252243062234238868e-02 5.754015822148441650e+00
1.559436528862039539e+00 6.857741408639537894e+01 9.095670910572942192e-02 5.737166538323550391e+00
1.575109126534258053e+00 6.858303924114480310e+01 8.941440610166141723e-02 5.720563485281479288e+00
1.590939236431725412e+00 6.858373712047662707e+01 8.789528136903868027e-02 5.704201461268885609e+00
1.606928441578623135e+00 6.857956630317572433e+01 8.639909412440216485e-02 5.688075307582992401e+00
1.623078340908790107e+00 6.857058627689936259e+01 8.492560347009192601e-02 5.672179884986878307e+00
1.639390549425617793e+00 6.855685718888985036e+01 8.347456893487577301e-02 5.656510040459131972e+00
1.655866698363551048e+00 6.853844064221257781e+01 8.204574863221322789e-02 5.641060734885776640e+00
1.672508435351214517e+00 6.851539922155221518e+01 8.063890043625715487e-02 5.625826971611163962e+00
1.689317424576174620e+00 6.848779642230003617e+01 7.925378214634065666e-02 5.610803790101169142e+00
1.706295346951361758e+00 6.845569661281518847e+01 7.789015156603319723e-02 5.595986265167391061e+00
1.723443900283161634e+00 6.841916499562393028e+01 7.654776657910793147e-02 5.581369506341303577e+00
1.740764799441197663e+00 6.837826756764216896e+01 7.522638522269643746e-02 5.566948657388694599e+00
1.758259776529820240e+00 6.833307107950503223e+01 7.392576575788811777e-02 5.552718895954579459e+00
1.775930581061316627e+00 6.828364299408710281e+01 7.264566673799061070e-02 5.538675433330294773e+00
1.793778980130866563e+00 6.823005144429558300e+01 7.138584707465442381e-02 5.524813514334141473e+00
1.811806758593250244e+00 6.817236519021854235e+01 7.014606610203044657e-02 5.511128417298284177e+00
1.830015719241337546e+00 6.811065357570834067e+01 6.892608363911366387e-02 5.497615454154704651e+00
1.848407682986366929e+00 6.804498641233537626e+01 6.772566017865397359e-02 5.484269960228226992e+00
1.866984489040039774e+00 6.797543355674150689e+01 6.654455758560748335e-02 5.471087241140478952e+00
1.885747995098442598e+00 6.790206573207576923e+01 6.538253759263243370e-02 5.458062698686704017e+00
1.904700077527816671e+00 6.782495420151774113e+01 6.423936241578095951e-02 5.445191788731490234e+00
1.923842631552199256e+00 6.774417058973673988e+01 6.311479505279156410e-02 5.432470002261702291e+00
1.943177571442944451e+00 6.765978683767588109e+01 6.200859933642418470e-02 5.419892865942849802e+00
1.962706830710153838e+00 6.757187515730618088e+01 6.092053998661203784e-02 5.407455942734445742e+00
1.982432362296029149e+00 6.748050798642282189e+01 5.985038266147105213e-02 5.395154832559773794e+00
2.002356138770166272e+00 6.738575794355116955e+01 5.879789400719747511e-02 5.382985173025942593e+00
2.022480152526815900e+00 6.728769778303075100e+01 5.776284170688374131e-02 5.370942640189639405e+00
2.042806415984123714e+00 6.718640035034151481e+01 5.674499452826639589e-02 5.359022949365078503e+00
2.063336961785374957e+00 6.708193853773583726e+01 5.574412237042550289e-02 5.347221855969728210e+00
2.084073843002257842e+00 6.697438524023766604e+01 5.475999630943800822e-02 5.335535156404727530e+00
2.105019133340174431e+00 6.686381320518030691e+01 5.379238879171442667e-02 5.323958674246761724e+00
2.126174927345613863e+00 6.675029440810790504e+01 5.284107444847682689e-02 5.312488182518907642e+00
2.147543340615606589e+00 6.663390129316256605e+01 5.190582832447293571e-02 5.301119582534594699e+00
2.169126510009285358e+00 6.651470013028577455e+01 5.098643468797931649e-02 5.289848002091511070e+00
2.190926593861577398e+00 6.639275686168164725e+01 5.008267855232734905e-02 5.278668629379463795e+00
2.212945772199033545e+00 6.626814346988152238e+01 4.919433773369813467e-02 5.267577571718914164e+00
2.235186246957836964e+00 6.614093165825885023e+01 4.832119156110201846e-02 5.256570984673551550e+00
2.257650242203997681e+00 6.601119280644526555e+01 4.746302091900624770e-02 5.245645072388408714e+00
2.280340004355760453e+00 6.587899793173164653e+01 4.661960828194573747e-02 5.234796088642742262e+00
2.303257802408248622e+00 6.574441765132961280e+01 4.579073774805627467e-02 5.224020337905001199e+00
2.326405928160365288e+00 6.560752214552937289e+01 4.497619507151857932e-02 5.213314176387111587e+00
2.349786696443976197e+00 6.546838112178690494e+01 4.417576769390205854e-02 5.202674013095360372e+00
2.373402445355393020e+00 6.532706377977197576e+01 4.338924477439391747e-02 5.192096310875589538e+00
2.397255536489188099e+00 6.518363861119362923e+01 4.261641740291800817e-02 5.181577565076453951e+00
2.421348355174350875e+00 6.503817295296934731e+01 4.185707905315613764e-02 5.171114250264325918e+00
2.445683310712829073e+00 6.489073418036454655e+01 4.111102424339273947e-02 5.160702986592005992e+00
2.470262836620454205e+00 6.474138913562934761e+01 4.037804920457558483e-02 5.150340466244809789e+00
2.495089390870300683e+00 6.459020399323080142e+01 3.965795202377956491e-02 5.140023440163819402e+00
2.520165456138482085e+00 6.443724423119333267e+01 3.895053266729042729e-02 5.129748719016036240e+00
2.545493540052422787e+00 6.428257460354578257e+01 3.825559300252871775e-02 5.119513174142381828e+00
2.571076175441620038e+00 6.412625911388747113e+01 3.757293681880995162e-02 5.109313738481343847e+00
2.596915920590932458e+00 6.396836099008189791e+01 3.690236984693546357e-02 5.099147407466547932e+00
2.623015359496407406e+00 6.380894266008632343e+01 3.624369977761293660e-02 5.089011239896237271e+00
2.649377102123684935e+00 6.364806579204142878e+01 3.559673621934917459e-02 5.078902367241756366e+00
2.676003784668997021e+00 6.348580681102954770e+01 3.496127645663039268e-02 5.068820062303459828e+00
2.702898069822786464e+00 6.332224001909024480e+01 3.433712226845722637e-02 5.058763432074581345e+00
2.730062647035980561e+00 6.315741716265518590e+01 3.372409769968159887e-02 5.048728735911173438e+00
2.757500232788939076e+00 6.299138095506978630e+01 3.312203519932892248e-02 5.038711256662965710e+00
2.785213570863100063e+00 6.282418912732530458e+01 3.253075440517053801e-02 5.028708501261627717e+00
2.813205432615366597e+00 6.265589894206138410e+01 3.195007664434857536e-02 5.018718104987010875e+00
2.841478617255240646e+00 6.248656668769516642e+01 3.137982538371555247e-02 5.008737766351972098e+00
2.870035952124746270e+00 6.231624766483867717e+01 3.081982623239131261e-02 4.998765247791494559e+00
2.898880292981169671e+00 6.214499617383342667e+01 3.026990694351166036e-02 4.988798376303691384e+00
2.928014524282631648e+00 6.197286550338873212e+01 2.972989741516512963e-02 4.978835044042181579e+00
2.957441559476543524e+00 6.179990792031043156e+01 2.919962969052027763e-02 4.968873208858791024e+00
2.987164341290945213e+00 6.162617466030278734e+01 2.867893795714484065e-02 4.958910894796029645e+00
3.017185842028788478e+00 6.145171591982825277e+01 2.816765854551860418e-02 4.948946192529073862e+00
3.047509063865163625e+00 6.127658084900688351e+01 2.766562992674863677e-02 4.938977259756149429e+00
3.078137039147525567e+00 6.110081754553589661e+01 2.717269270949118284e-02 4.929002321537308440e+00
3.109072830698924150e+00 6.092447932454977177e+01 2.668868511061738003e-02 4.919020504675558847e+00
3.140319532124296042e+00 6.074762269370723544e+01 2.621344486400319779e-02 4.909031546605047147e+00
3.171880268119821711e+00 6.057036157660639475e+01 2.574677167222479135e-02 4.899042980452090745e+00
3.203758194785401692e+00 6.039276104871350270e+01 2.528850433790820820e-02 4.889055838329688264e+00
3.235956499940268127e+00 6.021486118661184861e+01 2.483850085740295366e-02 4.879068009369855297e+00
3.268478403441767544e+00 6.003670106057118971e+01 2.439662091216093440e-02 4.869077468957086374e+00
3.301327157507351728e+00 5.985831873416639581e+01 2.396272588159790301e-02 4.859082278209958972e+00
3.334506047039802468e+00 5.967975126470961555e+01 2.353667885429377993e-02 4.849080583432429314e+00
3.368018389955721226e+00 5.950103470447466236e+01 2.311834463758952879e-02 4.839070615534036612e+00
3.401867537517326845e+00 5.932220410269117394e+01 2.270758976563963180e-02 4.829050689417840658e+00
3.436056874667583472e+00 5.914329350828451481e+01 2.230428250597565540e-02 4.819019203335500379e+00
3.470589820368696898e+00 5.896433597333957977e+01 2.190829286463759004e-02 4.808974638208590946e+00
3.505469827944014849e+00 5.878536354441504841e+01 2.151949259768311945e-02 4.798915555186028747e+00
3.540700385423361851e+00 5.860640630346193092e+01 2.113775577883750950e-02 4.788840466705603482e+00
3.576285015891845109e+00 5.842749366545706380e+01 2.076295799359393485e-02 4.778748011133299833e+00
3.612227277842164685e+00 5.824865461392959531e+01 2.039497623442301094e-02 4.768636980401319114e+00
3.648530765530467956e+00 5.806991820074856747e+01 2.003368864811164857e-02 4.758506384970058178e+00
3.685199109335777212e+00 5.789139312229659851e+01 1.967893066275789096e-02 4.748366049648954146e+00
3.722235976123029033e+00 5.771317246038276494e+01 1.933055148546057242e-02 4.738223613518809607e+00
3.759645069609767187e+00 5.753527846594845130e+01 1.898844210604623203e-02 4.728077347215964288e+00
3.797430130736513476e+00 5.735773253411282724e+01 1.865249482755123103e-02 4.717925617465502874e+00
3.835594938040869373e+00 5.718055521209647907e+01 1.832260328022183166e-02 4.707766885523279043e+00
3.874143308035369770e+00 5.700376620758508039e+01 1.799866243372174462e-02 4.697599705608126008e+00
3.913079095589136802e+00 5.682738439751336301e+01 1.768056860762642554e-02 4.687422723323556362e+00
3.952406194313372811e+00 5.665142783724940756e+01 1.736821948028019827e-02 4.677234674068600384e+00
3.992128536950723117e+00 5.647591372340894367e+01 1.706151411904242854e-02 4.667034375159154536e+00
4.032250095768553422e+00 5.630085688160399826e+01 1.676035371363987503e-02 4.656820521574509542e+00
4.072774882956180065e+00 5.612627236729299796e+01 1.646464027991247081e-02 4.646592034985711273e+00
4.113706951026093073e+00 5.595217507559164716e+01 1.617427690561978187e-02 4.636348004227502706e+00
4.155050393219209326e+00 5.577857913031365911e+01 1.588916806414333166e-02 4.626087599587495269e+00
4.196809343914199353e+00 5.560549789516890939e+01 1.560921961478731884e-02 4.615810071155432404e+00
4.238987979040934384e+00 5.543295062846652854e+01 1.533433583292667483e-02 4.605515638870651074e+00
4.281590516498075871e+00 5.526110925514898753e+01 1.506435560665098095e-02 4.595225022445969643e+00
4.324621216574871418e+00 5.509003922721310431e+01 1.479917078628484664e-02 4.584944367193269699e+00
4.368084382377187325e+00 5.491974582136651861e+01 1.453870131778577275e-02 4.574671866596703218e+00
4.411984360257823035e+00 5.475023375902106437e+01 1.428286799919919157e-02 4.564405822455855244e+00
4.456325540251151018e+00 5.458150721603718125e+01 1.403159250069197644e-02 4.554144642309119639e+00
4.501112356512120272e+00 5.441356983258901181e+01 1.378479738264541676e-02 4.543886836877789825e+00
4.546349287759681168e+00 5.424642457700164044e+01 1.354240617045083042e-02 4.533630997927780903e+00
4.592040857724653868e+00 5.408007148907610429e+01 1.330434425080333563e-02 4.523375494413653719e+00
4.638191635602112228e+00 5.391451188235914316e+01 1.307053717058577827e-02 4.513119036824194907e+00
4.684806236508305410e+00 5.374974748461939100e+01 1.284091105684744862e-02 4.502860551362297237e+00
4.731889321942166049e+00 5.358577953491719370e+01 1.261539300067059631e-02 4.492599053985101953e+00
4.779445600251476023e+00 5.342260879411036001e+01 1.239391106486680341e-02 4.482333647990047076e+00
4.827479827103695165e+00 5.326023555542143839e+01 1.217639429031967119e-02 4.472063521619773496e+00
4.875996805961538172e+00 5.309865965505634477e+01 1.196277270104378725e-02 4.461787945685872891e+00
4.925001388563321036e+00 5.293790097751730883e+01 1.175297006305830311e-02 4.451509015286058357e+00
4.974498475408141829e+00 5.277816814861100170e+01 1.154684636886743783e-02 4.441253983115105441e+00
5.024493016245933141e+00 5.261951539853660620e+01 1.134432127114580642e-02 4.431028982475196720e+00
5.074990010572439481e+00 5.246193319738699756e+01 1.114533784040415768e-02 4.420831690531140445e+00
5.125994508129177341e+00 5.230541183361673063e+01 1.094983956974057530e-02 4.410659912281375661e+00
5.177511609408403714e+00 5.214994084759053550e+01 1.075777058970597139e-02 4.400511500257178632e+00
5.229546466163178309e+00 5.199549967965862862e+01 1.056907866684412764e-02 4.390383109943370776e+00
5.282104281922538114e+00 5.184207449099966425e+01 1.038370960574598947e-02 4.380272465568969764e+00
5.335190312511860711e+00 5.168965496952578320e+01 1.020160851304010262e-02 4.370177901536665743e+00
5.388809866578438523e+00 5.153823065483258858e+01 1.002272104968815990e-02 4.360097862302391825e+00
5.442968306122365263e+00 5.138779094435147954e+01 9.846993448433337404e-03 4.350030899017226282e+00
5.497671047032725689e+00 5.123832509943491686e+01 9.674372529613376251e-03 4.339975666218464312e+00
5.552923559629198813e+00 5.108982225137953748e+01 9.504805715415013539e-03 4.329930918570117804e+00
5.608731369209086104e+00 5.094227140739214121e+01 9.338241042644912504e-03 4.319895507652717015e+00
5.665100056599851719e+00 5.079566145650152009e+01 9.174627174089986653e-03 4.309868378802347522e+00
5.722035258717209416e+00 5.064998117541929901e+01 9.013913408536739294e-03 4.299848567999315030e+00
5.779542669128819199e+00 5.050533216962797667e+01 8.856018721810587219e-03 4.289850199493006500e+00
5.837628038623641658e+00 5.036192476841907251e+01 8.700836441689768080e-03 4.279901346585118560e+00
5.896297175787032607e+00 5.021974320508145695e+01 8.548325119129307828e-03 4.269999678582523828e+00
5.955555947581601117e+00 5.007876710514342022e+01 8.398444767697502492e-03 4.260142375586725372e+00
6.015410279933908200e+00 4.993897481211573819e+01 8.251155933527152750e-03 4.250326568113274917e+00
6.075866158327065669e+00 4.980034428653507206e+01 8.106419457761760913e-03 4.240549457078177653e+00
6.136929628399294678e+00 4.966285375174164329e+01 7.964196332104834727e-03 4.230808395641180830e+00
6.198606796548489228e+00 4.952648169231598985e+01 7.824447728802950280e-03 4.221100884286436816e+00
6.260903830542861925e+00 4.939120685231198138e+01 7.687135028586069598e-03 4.211424565989998925e+00
6.323826960137724384e+00 4.925700823332032030e+01 7.552219846647145393e-03 4.201777221474939594e+00
6.387382477698476002e+00 4.912386509239335908e+01 7.419664056743205914e-03 4.192156764554034964e+00
6.451576738829832180e+00 4.899175693985926472e+01 7.289429813497644295e-03 4.182561237560521228e+00
6.516416163011404805e+00 4.886066353705061260e+01 7.161479572982163561e-03 4.172988806867300227e+00
6.581907234239642968e+00 4.873056489396925173e+01 7.035776111656274166e-03 4.163437758494297647e+00
6.648056501676245844e+00 4.860144126690845923e+01 6.912282543738610188e-03 4.153906493804695899e+00
6.714870580303082370e+00 4.847327314632787676e+01 6.790962339187839487e-03 4.144393524005946183e+00
6.782356151583692316e+00 4.834604525547718623e+01 6.671778483523170024e-03 4.134897995591146902e+00
6.850519964131444262e+00 4.821994390941098629e+01 6.554652464859501808e-03 4.125445548637812543e+00
6.919368834384393097e+00 4.809509750196677658e+01 6.439521968284001724e-03 4.116053493617206627e+00
6.988909647286941862e+00 4.797147481594871721e+01 6.326359553681967611e-03 4.106717971884022766e+00
7.059149356978331014e+00 4.784904530816506707e+01 6.215137673197958235e-03 4.097435321932437091e+00
7.130094987488059921e+00 4.772777909803297547e+01 6.105828708125507660e-03 4.088202072578608792e+00
7.201753633438303659e+00 4.760764695586937023e+01 5.998405003558408832e-03 4.079014936278764658e+00
7.274132460753373053e+00 4.748862029094120629e+01 5.892838900883544048e-03 4.069870802584409475e+00
7.347238707376314792e+00 4.737067113934315188e+01 5.789102768195057008e-03 4.060766731736247692e+00
7.421079683992714671e+00 4.725377215176306578e+01 5.687169028710377557e-03 4.051699948397858186e+00
7.495662774761765235e+00 4.713789658118980697e+01 5.587010187268167012e-03 4.042667835529911713e+00
7.570995438054697324e+00 4.702301827061104689e+01 5.488598854987823510e-03 4.033667928405384906e+00
7.647085207200619017e+00 4.690911073674128318e+01 5.391907930432693168e-03 4.024697790633037897e+00
7.723939691239854355e+00 4.679613163889556660e+01 5.296913258678297848e-03 4.015752999361173359e+00
7.801566575684850235e+00 4.668405056741930537e+01 5.203588675525645281e-03 4.006830804418267888e+00
7.879973623288742957e+00 4.657284379534698360e+01 5.111907119030590675e-03 3.997929393713344215e+00
7.959168674821629708e+00 4.646248812466686928e+01 5.021841746986927153e-03 3.989047078514582623e+00
8.039159649854662248e+00 4.635296087421600220e+01 4.933365951693256639e-03 3.980182288256711942e+00
8.119954547552001856e+00 4.624423986782007745e+01 4.846453373401880295e-03 3.971333565491705464e+00
8.201561447470748334e+00 4.613634882453101937e+01 4.761070838322090625e-03 3.962505448628018012e+00
8.283988510368898162e+00 4.602949854785714479e+01 4.677157704024788483e-03 3.953726397597924880e+00
8.367243979021433020e+00 4.592369820531582292e+01 4.594686947533057828e-03 3.944998202577757684e+00
8.451336179044593777e+00 4.581891501691778501e+01 4.513638297607976829e-03 3.936317246004996662e+00
8.536273519728466042e+00 4.571511715399039133e+01 4.433991410621280008e-03 3.927680111619219705e+00
8.622064494877895058e+00 4.561227371420706334e+01 4.355725899738926120e-03 3.919083576231022992e+00
8.708717683661888032e+00 4.551035285028892474e+01 4.278821622714954614e-03 3.910524363574864548e+00
8.796241751471537640e+00 4.540930392683063133e+01 4.203261135411066711e-03 3.901996863629070500e+00
8.884645450786559095e+00 4.530909198648010516e+01 4.129024750946175271e-03 3.893497608960942991e+00
8.973937622050556229e+00 4.520968958192004550e+01 4.056091883499373003e-03 3.885024163424053878e+00
9.064127194555064548e+00 4.511107008323951106e+01 3.984442032958587614e-03 3.876574247061658873e+00
9.155223187332493850e+00 4.501320765376990352e+01 3.914054803511732121e-03 3.868145729029178082e+00
9.247234710058030771e+00 4.491607722651581724e+01 3.844909920731136386e-03 3.859736620747811653e+00
9.340170963960630957e+00 4.481965448119706252e+01 3.776987247231496439e-03 3.851345069285349698e+00
9.434041242743127498e+00 4.472391582191483650e+01 3.710266796978814799e-03 3.842969350960243613e+00
9.528854933511627934e+00 4.462883835544948852e+01 3.644728748325408441e-03 3.834607865164652463e+00
9.624621517714215813e+00 4.453439987019377355e+01 3.580353455843189679e-03 3.826259128402121679e+00
9.721350572089120234e+00 4.444057881572378221e+01 3.517121461024943271e-03 3.817921768535281313e+00
9.819051769622387127e+00 4.434735428300447069e+01 3.455013501920301596e-03 3.809594519239051458e+00
9.917734880515187257e+00 4.425470396873702583e+01 3.394010750538738186e-03 3.801275958435321289e+00
1.001740977316084269e+01 4.416259382608755146e+01 3.334095939141917472e-03 3.792963210423019316e+00
1.011808641513168716e+01 4.407104161463242065e+01 3.275246269322565004e-03 3.784660021352813875e+00
1.021977487417580832e+01 4.398019677799974403e+01 3.217425523416639777e-03 3.776386538954241257e+00
1.032248531922385482e+01 4.389005526847257244e+01 3.160615512628545381e-03 3.768143094039959617e+00
1.042622802140592420e+01 4.380059112591232662e+01 3.104800657141822736e-03 3.759927256355961589e+00
1.053101335507868797e+01 4.371177928639037447e+01 3.049965435440691285e-03 3.751736747042285991e+00
1.063685179886283194e+01 4.362359555302931824e+01 2.996094399163510332e-03 3.743569431265856284e+00
1.074375393669093448e+01 4.353601656768619677e+01 2.943172186722990344e-03 3.735423311128889257e+00
1.085173045886586429e+01 4.344901978348377725e+01 2.891183535762906990e-03 3.727296518845895967e+00
1.096079216312981863e+01 4.336258343819162064e+01 2.840113294518081810e-03 3.719187310182839656e+00
1.107094995574411200e+01 4.327668652845366637e+01 2.789946432142130419e-03 3.711094058151382047e+00
1.118221485257980063e+01 4.319130878485744773e+01 2.740668048064610375e-03 3.703015246951488759e+00
1.129459798021929018e+01 4.310642543547444205e+01 2.692263855052399405e-03 3.694948814777642809e+00
1.140811057706899767e+01 4.302198912105740902e+01 2.644721737459195324e-03 3.686889935209463953e+00
1.152276399448320277e+01 4.293797633872202368e+01 2.598027480907681448e-03 3.678836844364981040e+00
1.163856969789919305e+01 4.285436964338418164e+01 2.552166536500129722e-03 3.670788549550080937e+00
1.175553926798381355e+01 4.277115221116658716e+01 2.507124531314331838e-03 3.662744141234643980e+00
1.187368440179154661e+01 4.268830781842844857e+01 2.462887272741687717e-03 3.654702788244639233e+00
1.199301691393423042e+01 4.260582082161159434e+01 2.419440752212355470e-03 3.646663733165321108e+00
1.211354873776251928e+01 4.252367613787674117e+01 2.376771148351128869e-03 3.638626287948127036e+00
1.223529192655924192e+01 4.244185922650453335e+01 2.334864829605225959e-03 3.630589829714191641e+00
1.235825865474473240e+01 4.236035607103445955e+01 2.293708356382974985e-03 3.622553796747269406e+00
1.248246121909428119e+01 4.227915316211673513e+01 2.253288482740067530e-03 3.614517684669165565e+00
1.260791203996782350e+01 4.219823748104997918e+01 2.213592157647891606e-03 3.606481042790953495e+00
1.273462366255199107e+01 4.211760996582503935e+01 2.174605524348813095e-03 3.598445127918067588e+00
1.286260875811463755e+01 4.203736349278771911e+01 2.136308378524976511e-03 3.590422345551338434e+00
1.299188012527197067e+01 4.195746816755683994e+01 2.098690179105972952e-03 3.582409781639313007e+00
1.312245069126843333e+01 4.187790134371471851e+01 2.061739946512122518e-03 3.574405478866727659e+00
1.325433351326943487e+01 4.179864751528078415e+01 2.025446344543815978e-03 3.566408367670461210e+00
1.338754177966707815e+01 4.171969180038218639e+01 1.989798170367862700e-03 3.558417457288649999e+00
1.352208881139900853e+01 4.164101991883222809e+01 1.954784358071364001e-03 3.550431831090379742e+00
1.365798806328052351e+01 4.156261817061479036e+01 1.920393981723642540e-03 3.542450642126274030e+00
1.379525312535006520e+01 4.148447341524251897e+01 1.886616257981993438e-03 3.534473108891349469e+00
1.393389772422822226e+01 4.140657305195814075e+01 1.853440548275101570e-03 3.526498511291536797e+00
1.407393572449042196e+01 4.132890500074709905e+01 1.820856360595827540e-03 3.518526186805650546e+00
1.421538113005338921e+01 4.125145768413204905e+01 1.788853350933156203e-03 3.510555526834983286e+00
1.435824808557555166e+01 4.117422000971724572e+01 1.757421324371368204e-03 3.502585973232659633e+00
1.450255087787152064e+01 4.109718135345469392e+01 1.726550235882747669e-03 3.494617015005246685e+00
1.464830393734077418e+01 4.102032256582777592e+01 1.696230716393138565e-03 3.486647104887481419e+00
1.479552183941072308e+01 4.094359592786444324e+01 1.666455155643195877e-03 3.478671312505360547e+00
1.494421930599425252e+01 4.086698806894550273e+01 1.637213997879624411e-03 3.470688911189083292e+00
1.509441120696194361e+01 4.079049081243474717e+01 1.608497563671291465e-03 3.462699787430858933e+00
1.524611256162904560e+01 4.071409634110516151e+01 1.580296337969634615e-03 3.454703853125540292e+00
1.539933854025744786e+01 4.063779718518486561e+01 1.552600968764463948e-03 3.446701043418456401e+00
1.555410446557270099e+01 4.056158621091850591e+01 1.525402265613021082e-03 3.438691314672999599e+00
1.571042581429630758e+01 4.048545660961885773e+01 1.498691198055888008e-03 3.430674642552746789e+00
1.586831821869340864e+01 4.040940188718585802e+01 1.472458893932635654e-03 3.422651020212337691e+00
1.602779746813602557e+01 4.033341585406967766e+01 1.446696637608707071e-03 3.414620456592642128e+00
1.618887951068199271e+01 4.025749214262191344e+01 1.421395891590872089e-03 3.406582918574532215e+00
1.635158045466980781e+01 4.018159174397580813e+01 1.396549863218323612e-03 3.398534507890082601e+00
1.651591657032944838e+01 4.010568338759733820e+01 1.372151406348398345e-03 3.390472341731687322e+00
1.668190429140943820e+01 4.002975154350848186e+01 1.348192708420735495e-03 3.382395418513635121e+00
1.684956021682020122e+01 3.995373192190642442e+01 1.324668315085859079e-03 3.374297057469733740e+00
1.701890111229398883e+01 3.987760878516747454e+01 1.301570507906267549e-03 3.366176413757897112e+00
1.718994391206147654e+01 3.980137542758964742e+01 1.278891298141772220e-03 3.358033698745518159e+00
1.736270572054516848e+01 3.972502540437443486e+01 1.256622846398779397e-03 3.349869136299437056e+00
1.753720381406988338e+01 3.964855252152493392e+01 1.234757460482282035e-03 3.341682961283176212e+00
1.771345564259038952e+01 3.957195082620011561e+01 1.213287593207154364e-03 3.333475418152076486e+00
1.789147883143641948e+01 3.949521459749882268e+01 1.192205840176677363e-03 3.325246759641118821e+00
1.807129118307520699e+01 3.941833833764947315e+01 1.171504937535535612e-03 3.316997245540373118e+00
1.825291067889175878e+01 3.934131676358325080e+01 1.151177759703748884e-03 3.308727141553638340e+00
1.843635548098701804e+01 3.926414479886845754e+01 1.131217317097668986e-03 3.300436718235378208e+00
1.862164393399405071e+01 3.918681756598650878e+01 1.111616753843285487e-03 3.292126250002175958e+00
1.880879456691257090e+01 3.910933037892944242e+01 1.092369345486842412e-03 3.283796014214419579e+00
1.899782609496183028e+01 3.903167144456720195e+01 1.073468772257355234e-03 3.275445449545652643e+00
1.918875742145216279e+01 3.895378681602461768e+01 1.054910379480031649e-03 3.267069181575804393e+00
1.938160763967531963e+01 3.887567094181201810e+01 1.036687725576269968e-03 3.258667507690654386e+00
1.957639603481383972e+01 3.879733231067630328e+01 1.018794001071298815e-03 3.250242299812256874e+00
1.977314208586956212e+01 3.871877919612836649e+01 1.001222574361231282e-03 3.241795346416264323e+00
1.997186546761153991e+01 3.864001966879890659e+01 9.839669852177226894e-04 3.233328355576586155e+00
2.017258605254356141e+01 3.856106160809077466e+01 9.670209386016301962e-04 3.224842957890678097e+00
2.037532391289137834e+01 3.848191271316920847e+01 9.503782987682633712e-04 3.216340709290858246e+00
2.058009932260997488e+01 3.840257122935360456e+01 9.340333908712551963e-04 3.207822038625923522e+00
2.078693275941097340e+01 3.832301422596514584e+01 9.179813389064523863e-04 3.199284975826088395e+00
2.099584490681041515e+01 3.824324639734101083e+01 9.022164446717262625e-04 3.190730699908283619e+00
2.120685665619713234e+01 3.816327337716823109e+01 8.867331118746177602e-04 3.182160452542098561e+00
2.141998910892191432e+01 3.808310069102763862e+01 8.715258772678265804e-04 3.173575419548443133e+00
2.163526357840763481e+01 3.800273320867379567e+01 8.565894234236176141e-04 3.164976669816493171e+00
2.185270159228064202e+01 3.792211483619160362e+01 8.419203745910079683e-04 3.156358404501814707e+00
2.207232489452352198e+01 3.784121610707975947e+01 8.275145282577369300e-04 3.147717976230263393e+00
2.229415544764951918e+01 3.776004020907604541e+01 8.133667784524933756e-04 3.139056422548517133e+00
2.251821543489880639e+01 3.767859025368788650e+01 7.994721362228045941e-04 3.130374738187045036e+00
2.274452726245683465e+01 3.759686928083130653e+01 7.858257261173351828e-04 3.121673876579275753e+00
2.297311356169493379e+01 3.751488026316997804e+01 7.724227828085703917e-04 3.112954751327027036e+00
2.320399719143352968e+01 3.743262611017091501e+01 7.592586478490426010e-04 3.104218237614215337e+00
2.343720124022799567e+01 3.735010967189204223e+01 7.463287665544948886e-04 3.095465173571392281e+00
2.367274902867755415e+01 3.726733374251612929e+01 7.336286850078835905e-04 3.086696361592955462e+00
2.391066411175733819e+01 3.718430106364489518e+01 7.211540471784226277e-04 3.077912569609021265e+00
2.415097028117391176e+01 3.710101432736590255e+01 7.089005921501692229e-04 3.069114532313879984e+00
2.439369156774448300e+01 3.701747617910398702e+01 6.968641514549635350e-04 3.060302952352908168e+00
2.463885224379997041e+01 3.693368922026890289e+01 6.850406465048837403e-04 3.051478501469390370e+00
2.488647682561228436e+01 3.684962091315887278e+01 6.734269384933300054e-04 3.042637970463114794e+00
2.513659007584595884e+01 3.676519247928176526e+01 6.620209929219776374e-04 3.033773230585562253e+00
2.538921700603444620e+01 3.668038747643289099e+01 6.508192471629259401e-04 3.024883119882975979e+00
2.564438287908128800e+01 3.659513116991860926e+01 6.398195265666892532e-04 3.015960204793219468e+00
2.590211321178642834e+01 3.650943014617185156e+01 6.290177541671906642e-04 3.007006061756009263e+00
2.616243377739791143e+01 3.642329562219001104e+01 6.184098483242563222e-04 2.998022724597014577e+00
2.642537060818923678e+01 3.633673849829957447e+01 6.079918377175624195e-04 2.989012140857916222e+00
2.669094999806259949e+01 3.624976937244131392e+01 5.977598571500679445e-04 2.979976175194082977e+00
2.695919850517829630e+01 3.616239855365004985e+01 5.877101435595156976e-04 2.970916612631770981e+00
2.723014295461058865e+01 3.607463607477779988e+01 5.778390322257491094e-04 2.961835161691645180e+00
2.750381044103019690e+01 3.598649170450684665e+01 5.681429531624643172e-04 2.952733457384818738e+00
2.778022833141383430e+01 3.589797495869520816e+01 5.586184276827135548e-04 2.943613064087521991e+00
2.805942426778087295e+01 3.580909511109440757e+01 5.492620651282072034e-04 2.934475478300070606e+00
2.834142616995762509e+01 3.571986123207960873e+01 5.400705592628674868e-04 2.925322133950898795e+00
2.862626223836930706e+01 3.563023402833556474e+01 5.310416207226487367e-04 2.916149268369957248e+00
2.891396095686012302e+01 3.554020915801282854e+01 5.221722878142470454e-04 2.906956959047766187e+00
2.920455109554167450e+01 3.544980383659789425e+01 5.134592514252413762e-04 2.897747556555695159e+00
2.949806171366998697e+01 3.535903489537870570e+01 5.048992965022805783e-04 2.888523308690722935e+00
2.979452216255146269e+01 3.526791879695026211e+01 4.964892982786990724e-04 2.879286364328188075e+00
3.009396208847804388e+01 3.517647164984858676e+01 4.882262186936969111e-04 2.870038777117620565e+00
3.039641143569186355e+01 3.508470833465718641e+01 4.801071188350032690e-04 2.860782414624602588e+00
3.070190044937967500e+01 3.499260047796227013e+01 4.721298873160507730e-04 2.851514536624322194e+00
3.101045967869742626e+01 3.490012855308484063e+01 4.642922672210188510e-04 2.842233429726813032e+00
3.132211997982518881e+01 3.480730483997058400e+01 4.565914903568724093e-04 2.832940746765633122e+00
3.163691251905278534e+01 3.471414134775251625e+01 4.490248598202771133e-04 2.823638069097145209e+00
3.195486877589646468e+01 3.462064982504293198e+01 4.415897474194352521e-04 2.814326909317559799e+00
3.227602054624688321e+01 3.452684176968142538e+01 4.342835912174759522e-04 2.805008713873248460e+00
3.260039994554869480e+01 3.443271461061021910e+01 4.271041142466399623e-04 2.795683418608147619e+00
3.292803941201215423e+01 3.433819750757803746e+01 4.200501469580079830e-04 2.786343883779326180e+00
3.325897170985694373e+01 3.424328473699237918e+01 4.131194689364357298e-04 2.776989924289214873e+00
3.359322993258862056e+01 3.414798732926693248e+01 4.063096451512317425e-04 2.767623087043560304e+00
3.393084750630800528e+01 3.405231604177825488e+01 3.996183023464465120e-04 2.758244853544594477e+00
3.427185819305381642e+01 3.395628136880830539e+01 3.930431268457962746e-04 2.748856642443248788e+00
3.461629609417891373e+01 3.385989355096445053e+01 3.865818624601670222e-04 2.739459811990145433e+00
3.496419565376044147e+01 3.376316258410742677e+01 3.802323084920675449e-04 2.730055662389385684e+00
3.531559166204426958e+01 3.366609822781553163e+01 3.739923178316403667e-04 2.720645438059726029e+00
3.567051925892405251e+01 3.356871001341198024e+01 3.678597951392242687e-04 2.711230329807177597e+00
3.602901393745527514e+01 3.347099301318856845e+01 3.618328912179351992e-04 2.701810012570350583e+00
3.639111154740450615e+01 3.337288598653749006e+01 3.559105449496364950e-04 2.692378439373038557e+00
3.675684829883451243e+01 3.327438845455283456e+01 3.500908572589819584e-04 2.682935924827369423e+00
3.712626076572520617e+01 3.317551184172040735e+01 3.443718102364452653e-04 2.673483984204066299e+00
3.749938588963113517e+01 3.307625371508419221e+01 3.387516133654923855e-04 2.664022683112930334e+00
3.787626098337561587e+01 3.297656655652565405e+01 3.332290801431154960e-04 2.654547535469110819e+00
3.825692373478208452e+01 3.287645595734774417e+01 3.278023450293334764e-04 2.645059557534778172e+00
3.864141221044291541e+01 3.277593523689979804e+01 3.224694879890315402e-04 2.635560522376792392e+00
3.902976485952606822e+01 3.267501740423548995e+01 3.172286394465691195e-04 2.626052132789647331e+00
3.942202051762008352e+01 3.257371516897177344e+01 3.120779784400087701e-04 2.616536023957047430e+00
3.981821841061766065e+01 3.247204095158922144e+01 3.070157308627062391e-04 2.607013766008158484e+00
4.021839815863825152e+01 3.237000689320692004e+01 3.020401677873264063e-04 2.597486866473556866e+00
4.062259977999016058e+01 3.226762486486224901e+01 2.971496038677301499e-04 2.587956772645107151e+00
4.103086369517233578e+01 3.216490647632471678e+01 2.923423958144279601e-04 2.578424873844075815e+00
4.144323073091653242e+01 3.206186308446997657e+01 2.876169409395905449e-04 2.568892503601366339e+00
4.185974212426997099e+01 3.195849319318799786e+01 2.829718156394979162e-04 2.559359676673449435e+00
4.228043952671906425e+01 3.185475609489196103e+01 2.784060458809613334e-04 2.549822521810400033e+00
4.270536500835464011e+01 3.175065511846243993e+01 2.739181775726119445e-04 2.540281654332056327e+00
4.313456106207897989e+01 3.164619009562287033e+01 2.695068234843757187e-04 2.530737325105229196e+00
4.356807060785511965e+01 3.154132002130937096e+01 2.651710468143012684e-04 2.521185745450092774e+00
4.400593699699888361e+01 3.143604511422195813e+01 2.609094791959063494e-04 2.511627320805324359e+00
4.444820401651409014e+01 3.133037554410549674e+01 2.567206779299453030e-04 2.502063433082977628e+00
4.489491589347122869e+01 3.122432121632538227e+01 2.526032358805234542e-04 2.492495411874627642e+00
4.534611729943027569e+01 3.111789177975207821e+01 2.485557802703454271e-04 2.482924536437129515e+00
4.580185335490782705e+01 3.101109663426045415e+01 2.445769715295026642e-04 2.473352037602154940e+00
4.626216963388920789e+01 3.090394493786514118e+01 2.406655021949647723e-04 2.463779099612620538e+00
4.672711216838590076e+01 3.079644561351237542e+01 2.368200958580693656e-04 2.454206861889411062e+00
4.719672745303883232e+01 3.068860735554706309e+01 2.330395061575225141e-04 2.444636420731060245e+00
4.767106244976780971e+01 3.058043820746758712e+01 2.293225198008933929e-04 2.435068788630634362e+00
4.815016459246777458e+01 3.047192084787563360e+01 2.256681804066237981e-04 2.425502477470644624e+00
4.863408179175225854e+01 3.036304338672043457e+01 2.220754897705230378e-04 2.415936590628310121e+00
4.912286243974445199e+01 3.025381423660272873e+01 2.185432828881011256e-04 2.406372233905161195e+00
4.961655541491647625e+01 3.014424165535856659e+01 2.150704213650171638e-04 2.396810479163075325e+00
5.011521008697726387e+01 3.003430351278302624e+01 2.116560535054963737e-04 2.387249423031159168e+00
5.061887632180955876e+01 2.992399159172429890e+01 2.082992129133068911e-04 2.377688583961572011e+00
5.112760448645656197e+01 2.981330960680794817e+01 2.049988474631927386e-04 2.368128652661576350e+00
5.164144545415870624e+01 2.970226107370222479e+01 2.017539275596567320e-04 2.358570293895413172e+00
5.216045060944093592e+01 2.959084931194759704e+01 1.985634455086893093e-04 2.349014147471160552e+00
5.268467185325130231e+01 2.947907744760505366e+01 1.954264149132076416e-04 2.339460829189184299e+00
5.321416160815103780e+01 2.936694841573078563e+01 1.923418700910540906e-04 2.329910931754062275e+00
5.374897282355686912e+01 2.925446496268408580e+01 1.893088655145379535e-04 2.320365025650914959e+00
5.428915898103600313e+01 2.914161968655700008e+01 1.863265529430361439e-04 2.310822696692229172e+00
5.483477409965439620e+01 2.902838153896754392e+01 1.833942762145738365e-04 2.301281294008325595e+00
5.538587274137852745e+01 2.891475271353046494e+01 1.805111275160285321e-04 2.291741429302601052e+00
5.594251001653183408e+01 2.880073710643927853e+01 1.776762040192434594e-04 2.282203872838959313e+00
5.650474158930570923e+01 2.868633840080032371e+01 1.748886225448197280e-04 2.272669367629311932e+00
5.707262368332595770e+01 2.857156006977135831e+01 1.721475190032555644e-04 2.263138630439723187e+00
5.764621308727522120e+01 2.845641348100887669e+01 1.694519893863557353e-04 2.253613130388590680e+00
5.822556716057187742e+01 2.834092794597787091e+01 1.668010239064381128e-04 2.244096014096101488e+00
5.881074383910606684e+01 2.822511070571410841e+01 1.641937960921556082e-04 2.234588262578497631e+00
5.940180164103328053e+01 2.810896797217190013e+01 1.616295038004641495e-04 2.225090746574514888e+00
5.999879967262625513e+01 2.799250576458504725e+01 1.591073625711989957e-04 2.215604307982790733e+00
6.060179763418566523e+01 2.787572934792893520e+01 1.566266089503877965e-04 2.206129706876036156e+00
6.121085582601015318e+01 2.775863364046457704e+01 1.541865635993183692e-04 2.196666713282805716e+00
6.182603515442646369e+01 2.764121775174023199e+01 1.517865294085347244e-04 2.187215514459000865e+00
6.244739713788008117e+01 2.752348373761289224e+01 1.494258021087713705e-04 2.177776581402574241e+00
6.307500391308717269e+01 2.740543348490372111e+01 1.471036914904976650e-04 2.168350368935907824e+00
6.370891824124822733e+01 2.728706871278310331e+01 1.448195210524795345e-04 2.158937316316210442e+00
6.434920351432435837e+01 2.716839097405492609e+01 1.425726276621117549e-04 2.149537847822973635e+00
6.499592376137644578e+01 2.704940165634366167e+01 1.403623612269848701e-04 2.140152373323854995e+00
6.564914365496812820e+01 2.693010198318707538e+01 1.381880843772334165e-04 2.130781288819422414e+00
6.630892851763309181e+01 2.681049332935830876e+01 1.360491702414541647e-04 2.121425006855707451e+00
6.697534432840743079e+01 2.669060996410269126e+01 1.339448064988170472e-04 2.112087043786413432e+00
6.764845772942760505e+01 2.657047129371787975e+01 1.318742944710250158e-04 2.102769421331339039e+00
6.832833603259462052e+01 2.645005276722664433e+01 1.298372078025561926e-04 2.093470016409266332e+00
6.901504722630537003e+01 2.632935369286479599e+01 1.278329828596895827e-04 2.084189002002903024e+00
6.970865998225146143e+01 2.620837401110651044e+01 1.258610618224575604e-04 2.074926616696019632e+00
7.040924366228654208e+01 2.608711351710814341e+01 1.239208971417796136e-04 2.065683091115537273e+00
7.111686832536238967e+01 2.596557186072922363e+01 1.220119513174627472e-04 2.056458648245601761e+00
7.183160473453506256e+01 2.584374854649450626e+01 1.201336966824786848e-04 2.047253503729059787e+00
7.255352436404103855e+01 2.572164293349761621e+01 1.182856151932663342e-04 2.038067866157083685e+00
7.328269940644489111e+01 2.559925423524724053e+01 1.164671982258604847e-04 2.028901937346899942e+00
7.401920277985851726e+01 2.547658151945601546e+01 1.146779463776257069e-04 2.019755912608169446e+00
7.476310813523299714e+01 2.535360712730203403e+01 1.129174565443814317e-04 2.010628427052108869e+00
7.551448986372378158e+01 2.523030771903744096e+01 1.111853566836015729e-04 2.001517641525436986e+00
7.627342310412991822e+01 2.510668173000958348e+01 1.094811639853303376e-04 1.992423797230653326e+00
7.703998375040784197e+01 2.498272758460281651e+01 1.078044037740775004e-04 1.983347142027609866e+00
7.781424845926100886e+01 2.485850025540742791e+01 1.061543253256526614e-04 1.974293213245257306e+00
7.859629465780552948e+01 2.473402073962765257e+01 1.045303741065478680e-04 1.965264244261496041e+00
7.938620055131296738e+01 2.460928502860280176e+01 1.029321318168291904e-04 1.956260114332285749e+00
8.018404513103092768e+01 2.448428898276640808e+01 1.013591868004325337e-04 1.947280705054345917e+00
8.098990818208224596e+01 2.435902832941223295e+01 9.981113394606460471e-05 1.938325900277264591e+00
8.180387029144357314e+01 2.423348773050315685e+01 9.828762669893766112e-05 1.929394563099997795e+00
8.262601285600418066e+01 2.410763792493936108e+01 9.678838552496290138e-05 1.920484310669294814e+00
8.345641809070562545e+01 2.398148098178686283e+01 9.531298405691067659e-05 1.911595735356108383e+00
8.429516903676338302e+01 2.385501982132560528e+01 9.386099993056571560e-05 1.902729508079244125e+00
8.514234956997104575e+01 2.372825721765990181e+01 9.243201939815273336e-05 1.893886284892914329e+00
8.599804440908786773e+01 2.360119580134117001e+01 9.102563710439306273e-05 1.885066707650419726e+00
8.686233912431089266e+01 2.347383806192173239e+01 8.964145587002428351e-05 1.876271404652118724e+00
8.773532014583186367e+01 2.334618635044373036e+01 8.827908648246630236e-05 1.867500991278617795e+00
8.861707477248043574e+01 2.321824260107453952e+01 8.693814873607521405e-05 1.858756044039993505e+00
8.950769118045404582e+01 2.308997753552691634e+01 8.561840402745152906e-05 1.850034230422161086e+00
9.040725843213571977e+01 2.296146960172978524e+01 8.431915134732306479e-05 1.841343341475307982e+00
9.131586648500021397e+01 2.283275763578200213e+01 8.303988653811309178e-05 1.832687280745011416e+00
9.223360620061002635e+01 2.270384071730030939e+01 8.178028627015922257e-05 1.824066203528609709e+00
9.316056935370150427e+01 2.257471782712097408e+01 8.054003262612697710e-05 1.815480265298006435e+00
9.409684864136239923e+01 2.244538784749057925e+01 7.931881299994257030e-05 1.806929621900972505e+00
9.504253769230174953e+01 2.231584956225243843e+01 7.811631999791795664e-05 1.798414429762086986e+00
9.599773107621271606e+01 2.218610110386856249e+01 7.693225358388521484e-05 1.789934793923152911e+00
9.696252431322965037e+01 2.205611424803451115e+01 7.576642308675550963e-05 1.781488364757147780e+00
9.793701388348029013e+01 2.192586413563511982e+01 7.461862198988575333e-05 1.773073181250214514e+00
9.892129723673374997e+01 2.179534414829306144e+01 7.348857213262922168e-05 1.764689032424328952e+00
9.991547280214552984e+01 2.166454752285879692e+01 7.237599944754880769e-05 1.756335712393273907e+00
1.009196399981007346e+02 2.153346734819776742e+01 7.128063391308412939e-05 1.748013020151541808e+00
1.019338992421557180e+02 2.140209656189404441e+01 7.020220950646219001e-05 1.739720759360705582e+00
1.029583519610800977e+02 2.127042794686626337e+01 6.914046415687526690e-05 1.731458738132824582e+00
1.039931006009995258e+02 2.113845653397507718e+01 6.809513068165274588e-05 1.723226997003650229e+00
1.050382486376402369e+02 2.100627699568138596e+01 6.706557906654107837e-05 1.715034967263177501e+00
1.060939005866768809e+02 2.087394918081368900e+01 6.605133370382703089e-05 1.706888596785324896e+00
1.071601620141840954e+02 2.074147023941832302e+01 6.505216097122083622e-05 1.698787867533537499e+00
1.082371395471931379e+02 2.060883725139544964e+01 6.406783060854274244e-05 1.690732770273309482e+00
1.093249408843548309e+02 2.047604722631610841e+01 6.309811567148870207e-05 1.682723304686453814e+00
1.104236748067093572e+02 2.034309710325620202e+01 6.214279248577463750e-05 1.674759479495057990e+00
1.115334511885645981e+02 2.020998219993147416e+01 6.120164602625271502e-05 1.666841164855435098e+00
1.126543810084835400e+02 2.007668069701392355e+01 6.027452286727770606e-05 1.658966626059457994e+00
1.137865763603823126e+02 1.994318467801797823e+01 5.936122110022605530e-05 1.651135499048875133e+00
1.149301504647395831e+02 1.980949229817048973e+01 5.846152048321327267e-05 1.643348015806278539e+00
1.160852176799187561e+02 1.967560164388924093e+01 5.757520424722431426e-05 1.635604415311145532e+00
1.172518935136039318e+02 1.954151073357481394e+01 5.670205903419800822e-05 1.627904943884953770e+00
1.184302946343507159e+02 1.940721751843256371e+01 5.584187483614929927e-05 1.620249855549840134e+00
1.196205388832531611e+02 1.927271560580456367e+01 5.499445898277232351e-05 1.612639000478251816e+00
1.208227452857280610e+02 1.913798492605792134e+01 5.415966504210295861e-05 1.605070945202557553e+00
1.220370340634174937e+02 1.900309337834745094e+01 5.333706358456787597e-05 1.597552764074278375e+00
1.232635266462111048e+02 1.886810139116610685e+01 5.252626657010450289e-05 1.590090673725768289e+00
1.245023456843892973e+02 1.873300662822303764e+01 5.172709687002261799e-05 1.582684792273757468e+00
1.257536150608882224e+02 1.859780672400008328e+01 5.093937972019184178e-05 1.575335254154194287e+00
1.270174599036882910e+02 1.846249909690278201e+01 5.016294327999072319e-05 1.568042192071654073e+00
1.282940065983269449e+02 1.832706864588518414e+01 4.939765644325072450e-05 1.560804540738754742e+00
1.295833828005374357e+02 1.819150721784160041e+01 4.864336668452658922e-05 1.553621955654660658e+00
1.308857174490145496e+02 1.805581475338856023e+01 4.789989839459676959e-05 1.546494905605255044e+00
1.322011407783083143e+02 1.791999118695084547e+01 4.716707861463516457e-05 1.539423876024836435e+00
1.335297843318479352e+02 1.778403644907981729e+01 4.644473698741432427e-05 1.532409369771938756e+00
1.348717809750958736e+02 1.764795032613194081e+01 4.573270613520246373e-05 1.525451893734238729e+00
1.362272649088348828e+02 1.751172038792158503e+01 4.503085702684493912e-05 1.518550764638073147e+00
1.375963716825878578e+02 1.737533603869312770e+01 4.433905549508167812e-05 1.511705524206776285e+00
1.389792382081731432e+02 1.723879733654589685e+01 4.365713761358686588e-05 1.504916799697525676e+00
1.403760027733956406e+02 1.710210560556204129e+01 4.298493830164825953e-05 1.498185366250417871e+00
1.417868050558759023e+02 1.696531959634425846e+01 4.232213182902101257e-05 1.491517774197218094e+00
1.432117861370177536e+02 1.682848335472030143e+01 4.166844653628923561e-05 1.484919018270230096e+00
1.446510885161169142e+02 1.669158574219943603e+01 4.102377333427351390e-05 1.478388533897800450e+00
1.461048561246106487e+02 1.655462514363252780e+01 4.038797677526093988e-05 1.471926763641141722e+00
1.475732343404712879e+02 1.641760526093911565e+01 3.976090858587469454e-05 1.465534714817007256e+00
1.490563700027440746e+02 1.628052987603073021e+01 3.914242275186875498e-05 1.459213427882836589e+00
1.505544114262311837e+02 1.614340285467904224e+01 3.853237547306841826e-05 1.452963978142915780e+00
1.520675084163233635e+02 1.600623121356878187e+01 3.793061681882942278e-05 1.446787794143387762e+00
1.535958122839805071e+02 1.586902574100494157e+01 3.733698971661680399e-05 1.440686715301116028e+00
1.551394758608630013e+02 1.573178826784553586e+01 3.675136410958101496e-05 1.434661680376153825e+00
1.566986535146149038e+02 1.559452041176018788e+01 3.617361243371659504e-05 1.428713640704424082e+00
1.582735011643009102e+02 1.545722386524618841e+01 3.560360880620907728e-05 1.422843591611314462e+00
1.598641762959983339e+02 1.531989958837021426e+01 3.504123111939048382e-05 1.417052488584605419e+00
1.614708379785459726e+02 1.518254450752371021e+01 3.448636938051779225e-05 1.411340901792051516e+00
1.630936468794509722e+02 1.504516861682952289e+01 3.393888100472064603e-05 1.405710842766573876e+00
1.647327652809557037e+02 1.490783343195630195e+01 3.339849537206349974e-05 1.400169851807429700e+00
1.663883570962663327e+02 1.477055341749450612e+01 3.286507094928866479e-05 1.394720423164860446e+00
1.680605878859440168e+02 1.463333171769050445e+01 3.233849757031258981e-05 1.389363886047200625e+00
1.697496248744612330e+02 1.449617679423479366e+01 3.181865346935231197e-05 1.384102198493551761e+00
1.714556369669243736e+02 1.435909047636111424e+01 3.130543565487809121e-05 1.378936647208914401e+00
1.731787947659643976e+02 1.422207317407547755e+01 3.079874598759995899e-05 1.373868423743011435e+00
1.749192705887971329e+02 1.408512538123890856e+01 3.029848730246753635e-05 1.368898791715873475e+00
1.766772384844553301e+02 1.394824517318926738e+01 2.980456953994333868e-05 1.364028809028172695e+00
1.784528742511934638e+02 1.381142289944574841e+01 2.931692207928738366e-05 1.359258740670511889e+00
1.802463554540679525e+02 1.367465507472457276e+01 2.883545935222376347e-05 1.354589619875156137e+00
1.820578614426936497e+02 1.353793867869873679e+01 2.836009533780233934e-05 1.350022607830441812e+00
1.838875733691789662e+02 1.340127111315854336e+01 2.789074369826323620e-05 1.345558993840881845e+00
1.857356742062414128e+02 1.326466984377453961e+01 2.742727135250831402e-05 1.341202472312061023e+00
1.876023487655047290e+02 1.312815720458872981e+01 2.696953723640389480e-05 1.336957384529211534e+00
1.894877837159803846e+02 1.299178054948355765e+01 2.651734560168210624e-05 1.332831107788022607e+00
1.913921676027346166e+02 1.285554947792842562e+01 2.607059514670083492e-05 1.328826664515468270e+00
1.933156908657431359e+02 1.271946584273970871e+01 2.562920403426319368e-05 1.324946284124770113e+00
1.952585458589352072e+02 1.258354247074346155e+01 2.519306640235010765e-05 1.321193623613320600e+00
1.972209268694291495e+02 1.244778036381026354e+01 2.476210554511860213e-05 1.317571039412023914e+00
1.992030301369613596e+02 1.231217989771786669e+01 2.433624695654525258e-05 1.314080943439996263e+00
2.012050538735103373e+02 1.217674116284171149e+01 2.391541749097515461e-05 1.310725850274433224e+00
2.032271982831181276e+02 1.204146356753288671e+01 2.349954616916295912e-05 1.307508336959151141e+00
2.052696655819107434e+02 1.190635021138902516e+01 2.308855434866730473e-05 1.304431599840807587e+00
2.073326600183202117e+02 1.177140493891122297e+01 2.268236272285999505e-05 1.301499097839739827e+00
2.094163878935092953e+02 1.163663237576042242e+01 2.228089127823514176e-05 1.298714571891597336e+00
2.115210575820019585e+02 1.150204080244950866e+01 2.188405309582207347e-05 1.296082430607343072e+00
2.136468795525209998e+02 1.136763209434216471e+01 2.149177672753621311e-05 1.293606453459279271e+00
2.157940663890348958e+02 1.123342711296779761e+01 2.110395003202297819e-05 1.291293170420451553e+00
2.179628328120166998e+02 1.109943273905833294e+01 2.072049421476341772e-05 1.289147481742362489e+00
2.201533956999160182e+02 1.096564746322391493e+01 2.034134950194715929e-05 1.287173419463812696e+00
2.223659741108471053e+02 1.083207105397098324e+01 1.996645358595176587e-05 1.285375453824444403e+00
2.246007893044948389e+02 1.069870338871907833e+01 1.959574423988218685e-05 1.283758354552215541e+00
2.268580647642410213e+02 1.056554678175247730e+01 1.922915431902607215e-05 1.282327544436129507e+00
2.291380262195125965e+02 1.043260640694152031e+01 1.886661126302248344e-05 1.281089185487644055e+00
2.314409016683551386e+02 1.029988093167502861e+01 1.850805693457888745e-05 1.280048867522284306e+00
2.337669214002325475e+02 1.016736866261459760e+01 1.815343398607845214e-05 1.279212506187933140e+00
2.361163180190564219e+02 1.003505134786765929e+01 1.780271964665473713e-05 1.278583938447572566e+00
2.384893264664464425e+02 9.902914028344673270e+00 1.745588216618943037e-05 1.278167898716910056e+00
2.408861840452248657e+02 9.770948986848424056e+00 1.711287340841145322e-05 1.277970651167908311e+00
2.433071304431469741e+02 9.639176354002009006e+00 1.677358674418003346e-05 1.278003341570493667e+00
2.457524077568700420e+02 9.507636326564300688e+00 1.643787730032552410e-05 1.278280913475470904e+00
2.482222605161631463e+02 9.376325531653868950e+00 1.610569294979544733e-05 1.278812091303637599e+00
2.507169357083604098e+02 9.245239299100710184e+00 1.577698351962124353e-05 1.279606058182878980e+00
2.532366828030600061e+02 9.114373026938006106e+00 1.545169783459339591e-05 1.280672733222264270e+00
2.557817537770711738e+02 8.983721201036347637e+00 1.512978560939607617e-05 1.282022673539561897e+00
2.583524031396121927e+02 8.853277782908175908e+00 1.481119644614158302e-05 1.283667211785692430e+00
2.609488879577615990e+02 8.723037367815846821e+00 1.449587731530600036e-05 1.285618745279036190e+00
2.635714678821648818e+02 8.592994007824316327e+00 1.418377486227418554e-05 1.287890625797438959e+00
2.662204051730000174e+02 8.463140914422796257e+00 1.387483574838415506e-05 1.290497213070788796e+00
2.688959647262035446e+02 8.333471221817971397e+00 1.356900484195504162e-05 1.293454137910436952e+00
2.715984140999603937e+02 8.203980896986340809e+00 1.326621916770528188e-05 1.296779016381728988e+00
2.743280235414600270e+02 8.074662237619374849e+00 1.296642095917589102e-05 1.300490355124125808e+00
2.770850660139212209e+02 7.945503658481560372e+00 1.266955726521182863e-05 1.304607660186908991e+00
2.798698172238887878e+02 7.816492664537248558e+00 1.237557334955176269e-05 1.309152214948818393e+00
2.826825556488043958e+02 7.687615688686578075e+00 1.208441250812139415e-05 1.314147284639405111e+00
2.855235625648544442e+02 7.558858058045125006e+00 1.179601553284520275e-05 1.319618387560533623e+00
2.883931220750980629e+02 7.430203287056020400e+00 1.151032141797973232e-05 1.325593461664053896e+00
2.912915211378776803e+02 7.301631486181024755e+00 1.122726967648498117e-05 1.332102859081728985e+00
2.942190495955147185e+02 7.173117146101084529e+00 1.094680349056059659e-05 1.339179224455663508e+00
2.971760002032946772e+02 7.044636358842295998e+00 1.066885392522451548e-05 1.346859725579620193e+00
3.001626686587424615e+02 6.916169648729163733e+00 1.039333313950797425e-05 1.355187533546758250e+00
3.031793536311925550e+02 6.787689949113404175e+00 1.012015736876986532e-05 1.364209565747380948e+00
3.062263567916560874e+02 6.659162764253492739e+00 9.849243926274661408e-06 1.373977349693553673e+00
3.093039828429882618e+02 6.530548418068335081e+00 9.580503857117546066e-06 1.384548670588050090e+00
3.124125395503588152e+02 6.401802302595857697e+00 9.313838162222107950e-06 1.395989012426386733e+00
3.155523377720291478e+02 6.272873109254496704e+00 9.049137359390794737e-06 1.408372762013105906e+00
3.187236914904377727e+02 6.143701166017858206e+00 8.786279733381546113e-06 1.421784849540103535e+00
3.219269178435994831e+02 6.014216173491665707e+00 8.525129412622935437e-06 1.436322745904930809e+00
3.251623371568187508e+02 5.884333702756336493e+00 8.265535127502256598e-06 1.452098754473782005e+00
3.284302729747233229e+02 5.753952882287793003e+00 8.007323814145698735e-06 1.469243735195640665e+00
3.317310520936181888e+02 5.622953957338728159e+00 7.750290617466264843e-06 1.487912395251864695e+00
3.350650045941658277e+02 5.491196090318961609e+00 7.494182905172707794e-06 1.508291110802161050e+00
3.384324638743946707e+02 5.358505907297893778e+00 7.238696701946241296e-06 1.530605219608301315e+00
3.418337666830389594e+02 5.224664849144476264e+00 6.983463677543633776e-06 1.555130367350166187e+00
3.452692531532139242e+02 5.089395037023813906e+00 6.728022430701377212e-06 1.582210857102947843e+00
3.487392668364295218e+02 4.952333347671517672e+00 6.471786398317544626e-06 1.612284676738603872e+00
3.500000000600077783e+02 4.902345052425260974e+00 6.378982578273658078e-06 1.623977832780890918e+00
