# # r T rho v
1.000000000171450982e-03 1.392517469138950359e+00 1.346736770404842446e+03 0.000000000000000000e+00
1.105209851694722569e-03 1.392517469138950359e+00 1.346640239646208329e+03 0.000000000000000000e+00
1.221488816073645900e-03 1.392517469138950359e+00 1.346533550640668636e+03 0.000000000000000000e+00
1.350001473028057024e-03 1.392517469138950359e+00 1.346415634142219915e+03 0.000000000000000000e+00
1.492034927537184584e-03 1.392517469138950359e+00 1.346285308299960207e+03 0.000000000000000000e+00
1.649011700703994316e-03 1.392517469138950359e+00 1.346141266787139330e+03 0.000000000000000000e+00
1.822503976865453386e-03 1.392517469138950359e+00 1.345982065675673539e+03 0.000000000000000000e+00
2.014249349639164483e-03 1.392517469138950359e+00 1.345806108923629836e+03 0.000000000000000000e+00
2.226168224609212896e-03 1.392517469138950359e+00 1.345611632328141695e+03 0.000000000000000000e+00
2.460383052946018678e-03 1.392517469138950359e+00 1.345396685780386861e+03 0.000000000000000000e+00
2.719239588592460826e-03 1.392517469138950359e+00 1.345159113642710508e+03 0.000000000000000000e+00
3.005330381915424700e-03 1.392517469138950359e+00 1.344896533047224921e+03 0.000000000000000000e+00
3.321520745120914737e-03 1.392517469138950359e+00 1.344606309894578771e+03 0.000000000000000000e+00
3.670977449486637328e-03 1.392517469138950359e+00 1.344285532307609628e+03 0.000000000000000000e+00
4.057200441826185403e-03 1.392517469138950359e+00 1.343930981267462812e+03 0.000000000000000000e+00
4.484057897837683167e-03 1.392517469138950359e+00 1.343539098131457195e+03 0.000000000000000000e+00
4.955824963410057626e-03 1.392517469138950359e+00 1.343105948698027305e+03 0.000000000000000000e+00
5.477226571896356630e-03 1.392517469138950359e+00 1.342627183448332289e+03 0.000000000000000000e+00
6.053484766186089001e-03 1.392517469138950359e+00 1.342097993554505138e+03 0.000000000000000000e+00
6.690370999525723644e-03 1.392517469138950359e+00 1.341513062197957879e+03 0.000000000000000000e+00
7.394263938900741753e-03 1.392517469138950359e+00 1.340866510693775808e+03 0.000000000000000000e+00
8.172213349902987881e-03 1.392517469138950359e+00 1.340151838860010457e+03 0.000000000000000000e+00
9.032010702915363107e-03 1.392517469138950359e+00 1.339361859010452690e+03 0.000000000000000000e+00
9.982267207762775263e-03 1.392517469138950359e+00 1.338488622881594210e+03 0.000000000000000000e+00
1.103250005837705383e-02 1.392517469138950359e+00 1.337523340729193251e+03 0.000000000000000000e+00
1.219322775125038054e-02 1.392517469138950359e+00 1.336456291746151692e+03 0.000000000000000000e+00
1.347607543232891975e-02 1.392517469138950359e+00 1.335276724863003892e+03 0.000000000000000000e+00
1.489389132743757296e-02 1.392517469138950359e+00 1.333972748888459364e+03 0.000000000000000000e+00
1.646087542233236334e-02 1.392517469138950359e+00 1.332531210840766335e+03 0.000000000000000000e+00
1.819272168116209051e-02 1.392517469138950359e+00 1.330937561194353975e+03 0.000000000000000000e+00
2.010677522771319586e-02 1.392517469138950359e+00 1.329175704638971183e+03 0.000000000000000000e+00
2.222220606367000112e-02 1.392517469138950359e+00 1.327227834804356235e+03 0.000000000000000000e+00
2.456020106374742079e-02 1.392517469138950359e+00 1.325074251252420709e+03 0.000000000000000000e+00
2.714417617060296481e-02 1.392517469138950359e+00 1.322693156882309040e+03 0.000000000000000000e+00
3.000001091474398598e-02 1.392517469138950359e+00 1.320060433729705665e+03 0.000000000000000000e+00
3.315630760823958662e-02 1.392517469138950359e+00 1.317149394980353691e+03 0.000000000000000000e+00
3.664467780816429293e-02 1.392517469138950359e+00 1.313930510865887527e+03 0.000000000000000000e+00
4.050005891881838793e-02 1.392517469138950359e+00 1.310371105977884781e+03 0.000000000000000000e+00
4.476106410362047650e-02 1.392517469138950359e+00 1.306435025444225175e+03 0.000000000000000000e+00
4.947036901117859986e-02 1.392517469138950359e+00 1.302082267379632640e+03 0.000000000000000000e+00
5.467513918875380879e-02 1.392517469138950359e+00 1.297268579096335998e+03 0.000000000000000000e+00
6.042750246383054441e-02 1.392517469138950359e+00 1.291945014776667676e+03 0.000000000000000000e+00
6.678507102488229208e-02 1.392517469138950359e+00 1.286057452752127119e+03 0.000000000000000000e+00
7.381151843017662306e-02 1.392517469138950359e+00 1.279546071290101281e+03 0.000000000000000000e+00
8.157721732359128619e-02 1.392517469138950359e+00 1.272344782999492054e+03 0.000000000000000000e+00
9.015994424441647892e-02 1.392517469138950359e+00 1.264380629808116282e+03 0.000000000000000000e+00
9.964565859009161253e-02 1.392517469138950359e+00 1.255573143188798213e+03 0.000000000000000000e+00
1.101293635334963522e-01 1.392517469138950359e+00 1.245833678242929864e+03 0.000000000000000000e+00
1.217160575172213238e-01 1.392517469138950359e+00 1.235064735824873196e+03 0.000000000000000000e+00
1.345217858544107137e-01 1.392517469138950359e+00 1.223159294680731136e+03 0.000000000000000000e+00
1.486748029683719885e-01 1.392517469138950359e+00 1.210000186295737876e+03 0.000000000000000000e+00
1.643168569112442023e-01 1.392517469138950359e+00 1.195459559708152710e+03 0.000000000000000000e+00
1.816046090266828228e-01 1.392517469138950359e+00 1.179398503036831698e+03 0.000000000000000000e+00
2.007112029750461879e-01 1.392517469138950359e+00 1.161666914124381492e+03 0.000000000000000000e+00
2.218279988354874832e-01 1.392517469138950359e+00 1.142103745817924391e+03 0.000000000000000000e+00
2.451664896526720983e-01 1.392517469138950359e+00 1.120537793130380123e+03 0.000000000000000000e+00
2.709604196230891993e-01 1.392517469138950359e+00 1.096789240407821808e+03 0.000000000000000000e+00
2.994681251354300855e-01 1.392517469138950359e+00 1.070672245965459979e+03 0.000000000000000000e+00
3.309751221114791697e-01 1.392517469138950359e+00 1.041998906284494751e+03 0.000000000000000000e+00
3.657969655607547499e-01 1.392517469138950359e+00 1.010585004522443910e+03 0.000000000000000000e+00
4.042824099884664846e-01 1.392517469138950359e+00 9.762579950481830338e+02 0.000000000000000000e+00
4.468169023095306946e-01 1.392517469138950359e+00 9.388676840518945710e+02 0.000000000000000000e+00
4.938264422515447061e-01 1.392517469138950359e+00 8.983000013058940567e+02 0.000000000000000000e+00
5.457818489101876613e-01 1.392517469138950359e+00 8.544940725785520499e+02 0.000000000000000000e+00
6.032034761882799634e-01 1.392517469138950359e+00 8.074624396801651756e+02 0.000000000000000000e+00
6.666664243454893946e-01 1.392517469138950359e+00 7.573136822799641550e+02 0.000000000000000000e+00
7.368062998544036013e-01 1.392517469138950359e+00 7.042758469196006672e+02 0.000000000000000000e+00
8.143255812502055990e-01 1.392517469138950359e+00 6.487180259349095195e+02 0.000000000000000000e+00
9.000006547304522098e-01 1.392517469138950359e+00 5.911663099663829826e+02 0.000000000000000000e+00
9.946895899692556053e-01 1.392517469138950359e+00 5.323094724248951479e+02 0.000000000000000000e+00
1.099340734023723121e+00 1.392517469138950359e+00 4.729895818293998673e+02 0.000000000000000000e+00
1.215002209404012712e+00 1.392517469138950359e+00 4.141737594964899358e+02 0.000000000000000000e+00
1.342832411433938944e+00 1.392517469138950359e+00 3.569058007616079067e+02 0.000000000000000000e+00
1.484111610037319284e+00 1.392517469138950359e+00 3.022401944906457629e+02 0.000000000000000000e+00
1.640254772146537698e+00 1.392517469138950359e+00 2.511654113633239547e+02 0.000000000000000000e+00
1.812825733154824537e+00 1.392517469138950359e+00 2.045268661537088235e+02 0.000000000000000000e+00
2.003552859344910786e+00 1.392517469138950359e+00 1.629613224803361504e+02 0.000000000000000000e+00
2.214346358159474004e+00 1.392517469138950359e+00 1.268529446827781726e+02 0.000000000000000000e+00
2.447317409682585154e+00 1.392517469138950359e+00 9.631704159388441155e+01 0.000000000000000000e+00
2.704799310941461865e+00 1.392517469138950359e+00 7.121213858276233566e+01 0.000000000000000000e+00
2.989370844797072380e+00 1.392517469138950359e+00 5.117609320948123752e+01 0.000000000000000000e+00
3.303882107472244645e+00 1.392517469138950359e+00 3.567884280947789932e+01 0.000000000000000000e+00
3.651483053390195632e+00 1.392517469138950359e+00 2.408341397880564827e+01 0.000000000000000000e+00
4.035655043211257009e+00 1.392517469138950359e+00 1.570755117823608771e+01 0.000000000000000000e+00
4.460245711033858917e+00 1.392517469138950359e+00 9.879710422097534916e+00 0.000000000000000000e+00
4.929507499968582174e+00 1.392517469138950359e+00 5.983948163826971367e+00 0.000000000000000000e+00
5.448140252034215258e+00 1.392517469138950359e+00 3.488995418663667358e+00 0.000000000000000000e+00
6.021338278930416621e+00 1.392517469138950359e+00 1.961063600683221386e+00 0.000000000000000000e+00
6.654842385119460246e+00 1.392517469138950359e+00 1.065472692298524482e+00 0.000000000000000000e+00
7.354997364248609948e+00 1.392517469138950359e+00 5.609310581580532196e-01 0.000000000000000000e+00
8.128815544762593603e+00 1.392517469138950359e+00 2.862439596037286149e-01 0.000000000000000000e+00
8.984047021140497691e+00 1.392517469138950359e+00 1.411985277568761077e-01 0.000000000000000000e+00
9.929257274150717905e+00 1.392517469138950359e+00 6.694143263541070532e-02 0.000000000000000000e+00
1.097391295752137985e+01 1.392517469138950359e+00 3.025646609995687186e-02 0.000000000000000000e+00
1.212847671021355644e+01 1.392517469138950359e+00 1.291198190428600144e-02 0.000000000000000000e+00
1.340451194387980216e+01 1.392517469138950359e+00 5.147081539795606182e-03 0.000000000000000000e+00
1.481479865499551529e+01 1.392517469138950359e+00 1.894748106833621512e-03 0.000000000000000000e+00
1.637346142156751938e+01 1.392517469138950359e+00 6.364004626223018681e-04 0.000000000000000000e+00
1.809611086635733912e+01 1.392517469138950359e+00 1.925714300621365611e-04 0.000000000000000000e+00
2.000000000342902595e+01 1.392517469138950359e+00 5.179764033457615372e-05 0.000000000000000000e+00
